103,3172,1,0
103,3169,2,0
103,3143,3,0
103,3003,4,0
103,3149,5,0
103,3148,6,0
103,3236,7,0
103,3152,8,0
103,3140,9,0
103,3155,10,0
103,3150,11,0
103,3157,12,0
103,3247,13,0
103,3226,14,0
103,3233,15,0
103,2109,16,0
103,2111,17,0
103,2129,18,1
104,2129,1,0
104,2110,2,0
104,2108,3,0
104,2213,4,0
104,3233,5,0
104,3223,6,0
104,3244,7,0
104,2420,8,0
104,3170,9,0
104,3151,10,0
104,3156,11,0
104,3224,12,0
104,3153,13,0
104,3245,14,0
104,3236,15,0
104,3147,16,0
104,3146,17,0
104,3142,18,0
104,3172,19,1
303,3113,1,0
303,2868,2,0
303,3116,3,0
303,2349,4,0
303,2350,5,0
303,2683,6,0
303,3237,7,0
303,2421,8,0
303,3238,9,0
303,2257,10,0
303,2589,11,0
303,2251,12,0
303,3025,13,0
303,3047,14,0
303,2423,15,0
303,2425,16,0
303,2427,17,0
303,2429,18,0
303,2431,19,0
303,2356,20,0
303,2507,21,0
303,2432,22,0
303,2149,23,0
303,2245,24,1
304,2245,1,0
304,2250,2,0
304,2261,3,0
304,2273,4,0
304,2319,5,0
304,2509,6,0
304,2430,7,0
304,2428,8,0
304,2426,9,0
304,2424,10,0
304,3130,11,0
304,2352,12,0
304,2593,13,0
304,2591,14,0
304,2590,15,0
304,2256,16,0
304,3231,17,0
304,3237,18,0
304,2421,19,0
304,3238,20,0
304,2259,21,0
304,2682,22,0
304,2422,23,0
304,2628,24,0
304,2302,25,0
304,2627,26,0
304,2346,27,0
304,2383,28,0
304,2384,29,0
304,2387,30,0
304,2388,31,0
304,2417,32,0
304,2972,33,0
304,2339,34,0
304,2340,35,0
304,2341,36,0
304,2343,37,0
304,2345,38,0
304,2623,39,0
304,3159,40,0
304,3160,41,0
304,3162,42,0
304,3265,43,0
304,3113,44,1
401,2421,1,0
401,3238,2,0
401,2259,3,0
401,3074,4,0
401,2684,5,0
401,2686,6,0
401,2689,7,0
401,3123,8,0
401,2691,9,0
401,3058,10,0
401,2695,11,0
401,2697,12,0
401,2699,13,0
401,2719,14,0
401,2701,15,0
401,2558,16,0
401,2981,17,0
401,2559,18,0
401,3053,19,0
401,2564,20,0
401,3172,21,0
401,3002,22,0
401,3071,23,0
401,3069,24,0
401,3420,25,0
401,3063,26,0
401,2496,27,0
401,2491,28,0
401,3060,29,0
401,3419,30,0
401,2312,31,0
401,2834,32,0
401,2290,33,0
401,3349,34,0
401,2450,35,0
401,3270,36,0
401,3274,37,0
401,3276,38,0
401,3275,39,0
401,3280,40,0
401,2318,41,1
402,2318,1,0
402,3279,2,0
402,3278,3,0
402,3277,4,0
402,3273,5,0
402,3272,6,0
402,3133,7,0
402,2797,8,0
402,2796,9,0
402,2166,10,0
402,2794,11,0
402,2488,12,0
402,2313,13,0
402,3418,14,0
402,2489,15,0
402,3061,16,0
402,3062,17,0
402,3421,18,0
402,3068,19,0
402,3070,20,0
402,3072,21,0
402,3172,22,0
402,3333,23,0
402,3055,24,0
402,2985,25,0
402,2980,26,0
402,2289,27,0
402,2720,28,0
402,2698,29,0
402,2696,30,0
402,2694,31,0
402,2693,32,0
402,2692,33,0
402,2690,34,0
402,2688,35,0
402,2687,36,0
402,2685,37,0
402,3073,38,0
402,3237,39,0
402,2421,40,1
501,2206,1,0
501,2205,2,0
501,2203,3,0
501,2201,4,0
501,2199,5,0
501,2197,6,0
501,2195,7,0
501,2193,8,0
501,3329,9,0
501,2103,10,0
501,2148,11,0
501,3032,12,0
501,2149,13,0
501,2245,14,0
501,2435,15,0
501,3034,16,0
501,3035,17,0
501,2152,18,0
501,2217,19,0
501,3037,20,0
501,3422,21,0
501,2207,22,0
501,3039,23,0
501,2968,24,0
501,3233,25,0
501,3223,26,0
501,3244,27,0
501,2420,28,0
501,3170,29,0
501,3151,30,0
501,3156,31,0
501,3224,32,0
501,3153,33,0
501,3245,34,0
501,3236,35,0
501,3152,36,0
501,2850,37,0
501,2849,38,0
501,2756,39,0
501,2759,40,0
501,2760,41,0
501,2763,42,0
501,3142,43,0
501,3172,44,1
502,3172,1,0
502,3169,2,0
502,3143,3,0
502,3003,4,0
502,2762,5,0
502,2761,6,0
502,2758,7,0
502,2757,8,0
502,2268,9,0
502,2851,10,0
502,2269,11,0
502,3245,12,0
502,3236,13,0
502,3152,14,0
502,3140,15,0
502,3155,16,0
502,3150,17,0
502,3157,18,0
502,3247,19,0
502,3226,20,0
502,3233,21,0
502,2969,22,0
502,3038,23,0
502,2208,24,0
502,3423,25,0
502,3036,26,0
502,2218,27,0
502,2153,28,0
502,3435,29,0
502,3033,30,0
502,2149,31,0
502,2245,32,0
502,2434,33,0
502,3031,34,0
502,2147,35,0
502,3030,36,0
502,3010,37,0
502,2192,38,0
502,2194,39,0
502,2196,40,0
502,2198,41,0
502,2200,42,0
502,2202,43,0
502,2204,44,0
502,2206,45,1
601,2421,1,0
601,3075,2,0
601,3077,3,0
601,3079,4,0
601,3080,5,0
601,3309,6,0
601,3310,7,0
601,3271,8,0
601,2517,9,0
601,2150,10,0
601,2515,11,0
601,2358,12,0
601,3086,13,0
601,3335,14,0
601,2641,15,0
601,2642,16,0
601,2264,17,0
601,2437,18,0
601,2504,19,0
601,2956,20,0
601,2984,21,0
601,2982,22,0
601,2881,23,0
601,2852,24,0
601,3154,25,0
601,3153,26,0
601,3245,27,0
601,3236,28,0
601,3152,29,0
601,3140,30,0
601,2854,31,0
601,2440,32,0
601,2113,33,0
601,2447,34,0
601,2448,35,0
601,2838,36,0
601,2839,37,0
601,2270,38,0
601,2106,39,0
601,3404,40,0
601,2107,41,0
601,3406,42,0
601,3362,43,0
601,2636,44,0
601,2992,45,0
601,2991,46,0
601,2975,47,0
601,2454,48,0
601,2274,49,0
601,2275,50,0
601,2276,51,0
601,2277,52,0
601,2278,53,0
601,2973,54,0
601,3173,55,0
601,3174,56,1
602,3174,1,0
602,3214,2,0
602,2280,3,0
602,2281,4,0
602,3342,5,0
602,2282,6,0
602,3197,7,0
602,2283,8,0
602,2284,9,0
602,2993,10,0
602,2449,11,0
602,2315,12,0
602,2587,13,0
602,2271,14,0
602,2106,15,0
602,2107,16,0
602,2840,17,0
602,2837,18,0
602,2781,19,0
602,2835,20,0
602,3158,21,0
602,2112,22,0
602,2439,23,0
602,2856,24,0
602,3153,25,0
602,3236,26,0
602,3147,27,0
602,3146,28,0
602,3142,29,0
602,3172,30,0
602,3152,31,0
602,2154,32,0
602,2853,33,0
602,2866,34,0
602,2959,35,0
602,2231,36,0
602,2957,37,0
602,2503,38,0
602,2438,39,0
602,2232,40,0
602,2639,41,0
602,2640,42,0
602,3334,43,0
602,3085,44,0
602,3083,45,0
602,2516,46,0
602,2151,47,0
602,2518,48,0
602,3269,49,0
602,3343,50,0
602,2260,51,0
602,2864,52,0
602,2717,53,0
602,3078,54,0
602,3076,55,0
602,2421,56,1
1001,2421,1,0
1001,3075,2,0
1001,3077,3,0
1001,3079,4,0
1001,3351,5,0
1001,3352,6,0
1001,3355,7,0
1001,3356,8,0
1001,3359,9,0
1001,2215,10,0
1001,3361,11,0
1001,2258,12,0
1001,3320,13,0
1001,3318,14,0
1001,3316,15,0
1001,3305,16,0
1001,3304,17,0
1001,3303,18,0
1001,3238,19,0
1001,3108,20,0
1001,2978,21,0
1001,3105,22,0
1001,2979,23,0
1001,3103,24,0
1001,2209,25,0
1001,3378,26,0
1001,2711,27,0
1001,2709,28,0
1001,3134,29,0
1001,2706,30,0
1001,2704,31,0
1001,3052,32,0
1001,3122,33,0
1001,2563,34,0
1001,2560,35,0
1001,2986,36,0
1001,2559,37,0
1001,3053,38,0
1001,2564,39,0
1001,3172,40,1
1002,3172,1,0
1002,3333,2,0
1002,3055,3,0
1002,2985,4,0
1002,2987,5,0
1002,2561,6,0
1002,2562,7,0
1002,3121,8,0
1002,2705,9,0
1002,2707,10,0
1002,2708,11,0
1002,2710,12,0
1002,3312,13,0
1002,2976,14,0
1002,2977,15,0
1002,3106,16,0
1002,3104,17,0
1002,3107,18,0
1002,3231,19,0
1002,3237,20,0
1002,3313,21,0
1002,3314,22,0
1002,3315,23,0
1002,3317,24,0
1002,3319,25,0
1002,3321,26,0
1002,2259,27,0
1002,3360,28,0
1002,2216,29,0
1002,3358,30,0
1002,3357,31,0
1002,3354,32,0
1002,3353,33,0
1002,3350,34,0
1002,2622,35,0
1002,2717,36,0
1002,3078,37,0
1002,3076,38,0
1002,2421,39,1
1101,3172,1,0
1101,3002,2,0
1101,2565,3,0
1101,2567,4,0
1101,2601,5,0
1101,2599,6,0
1101,2596,7,0
1101,2595,8,0
1101,2478,9,0
1101,2603,10,0
1101,2604,11,0
1101,2606,12,0
1101,2607,13,0
1101,2610,14,0
1101,2611,15,0
1101,2786,16,0
1101,2311,17,0
1101,2782,18,0
1101,2934,19,0
1101,2932,20,0
1101,2829,21,0
1101,2930,22,0
1101,2927,23,0
1101,2926,24,0
1101,2923,25,0
1101,2921,26,0
1101,2918,27,0
1101,3093,28,0
1101,3092,29,0
1101,3090,30,0
1101,2834,31,0
1101,2998,32,0
1101,3246,33,0
1101,3270,34,0
1101,3274,35,0
1101,3276,36,0
1101,3275,37,0
1101,3280,38,0
1101,2318,39,1
1102,2318,1,0
1102,3279,2,0
1102,3278,3,0
1102,3277,4,0
1102,3273,5,0
1102,3272,6,0
1102,3133,7,0
1102,2997,8,0
1102,2488,9,0
1102,3089,10,0
1102,3091,11,0
1102,3094,12,0
1102,2919,13,0
1102,2920,14,0
1102,2922,15,0
1102,2924,16,0
1102,2925,17,0
1102,2928,18,0
1102,2929,19,0
1102,2931,20,0
1102,2933,21,0
1102,2935,22,0
1102,2303,23,0
1102,2310,24,0
1102,2609,25,0
1102,2608,26,0
1102,2605,27,0
1102,2492,28,0
1102,2487,29,0
1102,2602,30,0
1102,2309,31,0
1102,2597,32,0
1102,2598,33,0
1102,2600,34,0
1102,2566,35,0
1102,2513,36,0
1102,2512,37,0
1102,3172,38,1
1203,2318,1,0
1203,3279,2,0
1203,3278,3,0
1203,3277,4,0
1203,3273,5,0
1203,3272,6,0
1203,3133,7,0
1203,2797,8,0
1203,2796,9,0
1203,2166,10,0
1203,2800,11,0
1203,2802,12,0
1203,2165,13,0
1203,3262,14,0
1203,3379,15,0
1203,3190,16,0
1203,3258,17,0
1203,3248,18,0
1203,3208,19,0
1203,3059,20,0
1203,2281,21,0
1203,3342,22,0
1203,2282,23,0
1203,3197,24,0
1203,2283,25,0
1203,2284,26,0
1203,2993,27,0
1203,2449,28,0
1203,2315,29,0
1203,2454,30,0
1203,2274,31,0
1203,2275,32,0
1203,2276,33,0
1203,2277,34,0
1203,2278,35,0
1203,2973,36,0
1203,3173,37,0
1203,3174,38,1
1204,3174,1,0
1204,3175,2,0
1204,2279,3,0
1204,2280,4,0
1204,2702,5,0
1204,3209,6,0
1204,3241,7,0
1204,3250,8,0
1204,3257,9,0
1204,2635,10,0
1204,3191,11,0
1204,3259,12,0
1204,3261,13,0
1204,2167,14,0
1204,2803,15,0
1204,2865,16,0
1204,2801,17,0
1204,2795,18,0
1204,3349,19,0
1204,2450,20,0
1204,3270,21,0
1204,3274,22,0
1204,3276,23,0
1204,3275,24,0
1204,3280,25,0
1204,2318,26,1
1301,2421,1,0
1301,3075,2,0
1301,3077,3,0
1301,3079,4,0
1301,3080,5,0
1301,3309,6,0
1301,3310,7,0
1301,3271,8,0
1301,2249,9,0
1301,3006,10,0
1301,3005,11,0
1301,2443,12,0
1301,3434,13,0
1301,2444,14,0
1301,3213,15,0
1301,2497,16,0
1301,2227,17,0
1301,2226,18,0
1301,2224,19,0
1301,2637,20,0
1301,2222,21,0
1301,2221,22,0
1301,2220,23,0
1301,2500,24,0
1301,2504,25,0
1301,2956,26,0
1301,2955,27,0
1301,2954,28,0
1301,2953,29,0
1301,2952,30,0
1301,3306,31,0
1301,2951,32,0
1301,2950,33,0
1301,2949,34,0
1301,2234,35,0
1301,2945,36,0
1301,2943,37,0
1301,2941,38,0
1301,2612,39,0
1301,3172,40,1
1302,3172,1,0
1302,3169,2,0
1302,2613,3,0
1302,2941,4,0
1302,2942,5,0
1302,2944,6,0
1302,2946,7,0
1302,2948,8,0
1302,2947,9,0
1302,2353,10,0
1302,3322,11,0
1302,3102,12,0
1302,3101,13,0
1302,3100,14,0
1302,3054,15,0
1302,2503,16,0
1302,2438,17,0
1302,3050,18,0
1302,2219,19,0
1302,2501,20,0
1302,2502,21,0
1302,2638,22,0
1302,2223,23,0
1302,2225,24,0
1302,2228,25,0
1302,3131,26,0
1302,2316,27,0
1302,2354,28,0
1302,3433,29,0
1302,2442,30,0
1302,3004,31,0
1302,3082,32,0
1302,3081,33,0
1302,3269,34,0
1302,3343,35,0
1302,2260,36,0
1302,2864,37,0
1302,2717,38,0
1302,3078,39,0
1302,3076,40,0
1302,2421,41,1
1401,2189,1,0
1401,2188,2,0
1401,2186,3,0
1401,2184,4,0
1401,2182,5,0
1401,2180,6,0
1401,2178,7,0
1401,2176,8,0
1401,2174,9,0
1401,2172,10,0
1401,2170,11,0
1401,2168,12,0
1401,2325,13,0
1401,2214,14,0
1401,2304,15,0
1401,3364,16,0
1401,3365,17,0
1401,3366,18,0
1401,3367,19,0
1401,3368,20,0
1401,3369,21,0
1401,3370,22,0
1401,3127,23,0
1401,2326,24,0
1401,2328,25,0
1401,2330,26,0
1401,2332,27,0
1401,2335,28,0
1401,2336,29,0
1401,2339,30,0
1401,2340,31,0
1401,2341,32,0
1401,2343,33,0
1401,2345,34,0
1401,2623,35,0
1401,3159,36,0
1401,3160,37,0
1401,3162,38,0
1401,3265,39,0
1401,3113,40,0
1401,2652,41,0
1401,2654,42,0
1401,2656,43,0
1401,2658,44,0
1401,2660,45,0
1401,2662,46,0
1401,2664,47,0
1401,2666,48,0
1401,2668,49,0
1401,2670,50,0
1401,2539,51,0
1401,2540,52,0
1401,2545,53,0
1401,2574,54,0
1401,3119,55,0
1401,2285,56,0
1401,2307,57,0
1401,2306,58,0
1401,2308,59,0
1401,2513,60,0
1401,2512,61,0
1401,3172,62,1
1402,3172,1,0
1402,3002,2,0
1402,2565,3,0
1402,2568,4,0
1402,2305,5,0
1402,2999,6,0
1402,3000,7,0
1402,3001,8,0
1402,2360,9,0
1402,2571,10,0
1402,2573,11,0
1402,2544,12,0
1402,2541,13,0
1402,2538,14,0
1402,2671,15,0
1402,2669,16,0
1402,2667,17,0
1402,2665,18,0
1402,2663,19,0
1402,2661,20,0
1402,2659,21,0
1402,2657,22,0
1402,2653,23,0
1402,2651,24,0
1402,3113,25,0
1402,3161,26,0
1402,3193,27,0
1402,2625,28,0
1402,2624,29,0
1402,2344,30,0
1402,2342,31,0
1402,2458,32,0
1402,2457,33,0
1402,2338,34,0
1402,2337,35,0
1402,3138,36,0
1402,2334,37,0
1402,2333,38,0
1402,2331,39,0
1402,2329,40,0
1402,2288,41,0
1402,2327,42,0
1402,2263,43,0
1402,2254,44,0
1402,2495,45,0
1402,2862,46,0
1402,3048,47,0
1402,2493,48,0
1402,2323,49,0
1402,3376,50,0
1402,2169,51,0
1402,2324,52,0
1402,2171,53,0
1402,2173,54,0
1402,2175,55,0
1402,2177,56,0
1402,2179,57,0
1402,2181,58,0
1402,2183,59,0
1402,2185,60,0
1402,2187,61,0
1402,2189,62,1
1501,2253,1,0
1501,2321,2,0
1501,2325,3,0
1501,2214,4,0
1501,2859,5,0
1501,2861,6,0
1501,2474,7,0
1501,2155,8,0
1501,2863,9,0
1501,2579,10,0
1501,2392,11,0
1501,2578,12,0
1501,2617,13,0
1501,2618,14,0
1501,2580,15,0
1501,2619,16,0
1501,2582,17,0
1501,3114,18,0
1501,2628,19,0
1501,3113,20,0
1501,2868,21,0
1501,3116,22,0
1501,2349,23,0
1501,2350,24,0
1501,2645,25,0
1501,2712,26,0
1501,2716,27,0
1501,2647,28,0
1501,2703,29,0
1501,3124,30,0
1501,2650,31,0
1501,2681,32,0
1501,2680,33,0
1501,2679,34,0
1501,2677,35,0
1501,2674,36,0
1501,2672,37,0
1501,2535,38,0
1501,2537,39,0
1501,2631,40,0
1501,2555,41,0
1501,2556,42,0
1501,3120,43,0
1501,2559,44,0
1501,3053,45,0
1501,2564,46,0
1501,3172,47,1
1502,3172,1,0
1502,3333,2,0
1502,3055,3,0
1502,2985,4,0
1502,2987,5,0
1502,2557,6,0
1502,2554,7,0
1502,2553,8,0
1502,2551,9,0
1502,2536,10,0
1502,2534,11,0
1502,2673,12,0
1502,2675,13,0
1502,2676,14,0
1502,2678,15,0
1502,2286,16,0
1502,3125,17,0
1502,2649,18,0
1502,2648,19,0
1502,3126,20,0
1502,2646,21,0
1502,2714,22,0
1502,2715,23,0
1502,2644,24,0
1502,2351,25,0
1502,2628,26,0
1502,3113,27,0
1502,2349,28,0
1502,2629,29,0
1502,2620,30,0
1502,2581,31,0
1502,2994,32,0
1502,3385,33,0
1502,2995,34,0
1502,2996,35,0
1502,2407,36,0
1502,2391,37,0
1502,2389,38,0
1502,2419,39,0
1502,3112,40,0
1502,2156,41,0
1502,2473,42,0
1502,2860,43,0
1502,2324,44,0
1502,2322,45,0
1502,2255,46,0
1502,2252,47,0
1502,2253,48,1
1703,2572,1,0
1703,2573,2,0
1703,2547,3,0
1703,2546,4,0
1703,2543,5,0
1703,2548,6,0
1703,2550,7,0
1703,2552,8,0
1703,2632,9,0
1703,3344,10,0
1703,2559,11,0
1703,3053,12,0
1703,2564,13,0
1703,3172,14,1
1704,3172,1,0
1704,3333,2,0
1704,3055,3,0
1704,2985,4,0
1704,2633,5,0
1704,2453,6,0
1704,3243,7,0
1704,2549,8,0
1704,2542,9,0
1704,2630,10,0
1704,3118,11,0
1704,2545,12,0
1704,2574,13,0
1704,2572,14,1
1801,2421,1,0
1801,3238,2,0
1801,2257,3,0
1801,2589,4,0
1801,3011,5,0
1801,2723,6,0
1801,2726,7,0
1801,2729,8,0
1801,2230,9,0
1801,2730,10,0
1801,2733,11,0
1801,2734,12,0
1801,2737,13,0
1801,2739,14,0
1801,2743,15,0
1801,3164,16,0
1801,3386,17,0
1801,3139,18,0
1801,2747,19,0
1801,2748,20,0
1801,3230,21,0
1801,2560,22,0
1801,2986,23,0
1801,2559,24,0
1801,3053,25,0
1801,2564,26,0
1801,3172,27,1
1802,3172,1,0
1802,3333,2,0
1802,3055,3,0
1802,2985,4,0
1802,2987,5,0
1802,2561,6,0
1802,3229,7,0
1802,3228,8,0
1802,2746,9,0
1802,2745,10,0
1802,3204,11,0
1802,3163,12,0
1802,2744,13,0
1802,2742,14,0
1802,2740,15,0
1802,2738,16,0
1802,2736,17,0
1802,2735,18,0
1802,2732,19,0
1802,2731,20,0
1802,3012,21,0
1802,2728,22,0
1802,2727,23,0
1802,2725,24,0
1802,2724,25,0
1802,2722,26,0
1802,2721,27,0
1802,2256,28,0
1802,3231,29,0
1802,3237,30,0
1802,2421,31,1
1903,3172,1,0
1903,3169,2,0
1903,3143,3,0
1903,2754,4,0
1903,2753,5,0
1903,2751,6,0
1903,2965,7,0
1903,2964,8,0
1903,2961,9,0
1903,2510,10,0
1903,2511,11,0
1903,2233,12,0
1903,2880,13,0
1903,2877,14,0
1903,2875,15,0
1903,2907,16,0
1903,2896,17,0
1903,2899,18,0
1903,2241,19,0
1903,2904,20,0
1903,2287,21,0
1903,2533,22,0
1903,2905,23,0
1903,2527,24,0
1903,2242,25,0
1903,2521,26,0
1903,2522,27,0
1903,2523,28,0
1903,2525,29,0
1903,2894,30,0
1903,2892,31,0
1903,2890,32,0
1903,2888,33,0
1903,3337,34,0
1903,2886,35,0
1903,2884,36,0
1903,2826,37,0
1903,2237,38,0
1903,2317,39,0
1903,3157,40,0
1903,3247,41,0
1903,3226,42,0
1903,3233,43,1
1904,3233,1,0
1904,3223,2,0
1904,3244,3,0
1904,2420,4,0
1904,3170,5,0
1904,3151,6,0
1904,2870,7,0
1904,2238,8,0
1904,2827,9,0
1904,2883,10,0
1904,2885,11,0
1904,3336,12,0
1904,2887,13,0
1904,2889,14,0
1904,2891,15,0
1904,2893,16,0
1904,2526,17,0
1904,2524,18,0
1904,2520,19,0
1904,2528,20,0
1904,2243,21,0
1904,2530,22,0
1904,2532,23,0
1904,3345,24,0
1904,2244,25,0
1904,2900,26,0
1904,2898,27,0
1904,2895,28,0
1904,2906,29,0
1904,2876,30,0
1904,2878,31,0
1904,2879,32,0
1904,2958,33,0
1904,2983,34,0
1904,2960,35,0
1904,2962,36,0
1904,2963,37,0
1904,2136,38,0
1904,2966,39,0
1904,2750,40,0
1904,2752,41,0
1904,2755,42,0
1904,3142,43,0
1904,3172,44,1
2003,3172,1,0
2003,3169,2,0
2003,2614,3,0
2003,2937,4,0
2003,2939,5,0
2003,2940,6,0
2003,2292,7,0
2003,3437,8,0
2003,2293,9,0
2003,2295,10,0
2003,2514,11,0
2003,2836,12,0
2003,2843,13,0
2003,3332,14,0
2003,2842,15,0
2003,2455,16,0
2003,2841,17,0
2003,2104,18,0
2003,3043,19,0
2003,3040,20,0
2003,2297,21,0
2003,2718,22,0
2003,2298,23,0
2003,3111,24,0
2003,2882,25,0
2003,3247,26,0
2003,3226,27,0
2003,3233,28,1
2004,3233,1,0
2004,3223,2,0
2004,3244,3,0
2004,2583,4,0
2004,2210,5,0
2004,2300,6,0
2004,2634,7,0
2004,2291,8,0
2004,2586,9,0
2004,2299,10,0
2004,2967,11,0
2004,2700,12,0
2004,3041,13,0
2004,3042,14,0
2004,3044,15,0
2004,3045,16,0
2004,3046,17,0
2004,2247,18,0
2004,2248,19,0
2004,2246,20,0
2004,2296,21,0
2004,2294,22,0
2004,3438,23,0
2004,2266,24,0
2004,2938,25,0
2004,2616,26,0
2004,2615,27,0
2004,3137,28,0
2004,3172,29,1
2403,3172,1,0
2403,3169,2,0
2403,3143,3,0
2403,3003,4,0
2403,3149,5,0
2403,3148,6,0
2403,3236,7,0
2403,3152,8,0
2403,3140,9,0
2403,3155,10,0
2403,3150,11,0
2403,3157,12,0
2403,3247,13,0
2403,3226,14,0
2403,3233,15,0
2403,2969,16,0
2403,2634,17,0
2403,3431,18,0
2403,3427,19,0
2403,3425,20,0
2403,3429,21,0
2403,2211,22,0
2403,2988,23,0
2403,2974,24,0
2403,3214,25,0
2403,3281,26,0
2403,3283,27,0
2403,3285,28,0
2403,3288,29,0
2403,3302,30,0
2403,3301,31,0
2403,3300,32,0
2403,3298,33,0
2403,3297,34,0
2403,3296,35,0
2403,2320,36,1
2404,2320,1,0
2404,3294,2,0
2404,3293,3,0
2404,3292,4,0
2404,3291,5,0
2404,2301,6,0
2404,3290,7,0
2404,3289,8,0
2404,3287,9,0
2404,3286,10,0
2404,3284,11,0
2404,3282,12,0
2404,2584,13,0
2404,2585,14,0
2404,2314,15,0
2404,2452,16,0
2404,2212,17,0
2404,3424,18,0
2404,3426,19,0
2404,3428,20,0
2404,3430,21,0
2404,2213,22,0
2404,3233,23,0
2404,3223,24,0
2404,3244,25,0
2404,2420,26,0
2404,3170,27,0
2404,3151,28,0
2404,3156,29,0
2404,3224,30,0
2404,3153,31,0
2404,3245,32,0
2404,3236,33,0
2404,3147,34,0
2404,3146,35,0
2404,3142,36,0
2404,3172,37,1
2603,3172,1,0
2603,3169,2,0
2603,2614,3,0
2603,2937,4,0
2603,2939,5,0
2603,2940,6,0
2603,2764,7,0
2603,2765,8,0
2603,2767,9,0
2603,2768,10,0
2603,2769,11,0
2603,2267,12,0
2603,2780,13,0
2603,2779,14,0
2603,2778,15,0
2603,2777,16,1
2604,2777,1,0
2604,2776,2,0
2604,2775,3,0
2604,2774,4,0
2604,2773,5,0
2604,2772,6,0
2604,2771,7,0
2604,2770,8,0
2604,2766,9,0
2604,2938,10,0
2604,2616,11,0
2604,2615,12,0
2604,3137,13,0
2604,3172,14,1
2801,2421,1,0
2801,3238,2,0
2801,2257,3,0
2801,2589,4,0
2801,2251,5,0
2801,3025,6,0
2801,3026,7,0
2801,2405,8,0
2801,2404,9,0
2801,2403,10,0
2801,2828,11,0
2801,2402,12,0
2801,2401,13,0
2801,2400,14,0
2801,2494,15,0
2801,2406,16,0
2801,2871,17,0
2801,3027,18,0
2801,2592,19,0
2801,2399,20,0
2801,3023,21,0
2801,3022,22,0
2801,2396,23,0
2801,2394,24,0
2801,3019,25,0
2801,3018,26,0
2801,3017,27,0
2801,2486,28,0
2801,2485,29,0
2801,2483,30,0
2801,3179,31,0
2801,3181,32,0
2801,3182,33,0
2801,2477,34,0
2801,2701,35,0
2801,2558,36,0
2801,2981,37,0
2801,2559,38,0
2801,3053,39,0
2801,2564,40,0
2801,3172,41,1
2802,3172,1,0
2802,3333,2,0
2802,3055,3,0
2802,2985,4,0
2802,2980,5,0
2802,2289,6,0
2802,2720,7,0
2802,3051,8,0
2802,3180,9,0
2802,3178,10,0
2802,3176,11,0
2802,2484,12,0
2802,3015,13,0
2802,3016,14,0
2802,2490,15,0
2802,3020,16,0
2802,2395,17,0
2802,2397,18,0
2802,3021,19,0
2802,3024,20,0
2802,2398,21,0
2802,2456,22,0
2802,3026,23,0
2802,2405,24,0
2802,2404,25,0
2802,2403,26,0
2802,2828,27,0
2802,2402,28,0
2802,2401,29,0
2802,2400,30,0
2802,2494,31,0
2802,2406,32,0
2802,2871,33,0
2802,3027,34,0
2802,2593,35,0
2802,2591,36,0
2802,2590,37,0
2802,2256,38,0
2802,3231,39,0
2802,3237,40,0
2802,2421,41,1
3303,2421,1,0
3303,3075,2,0
3303,3077,3,0
3303,3079,4,0
3303,3080,5,0
3303,3309,6,0
3303,3310,7,0
3303,3323,8,0
3303,3363,9,0
3303,3324,10,0
3303,3325,11,0
3303,3326,12,0
3303,3327,13,0
3303,3328,14,0
3303,2105,15,1
3304,2105,1,0
3304,3329,2,0
3304,3330,3,0
3304,3307,4,0
3304,3308,5,0
3304,3331,6,0
3304,3269,7,0
3304,3343,8,0
3304,2260,9,0
3304,2864,10,0
3304,2717,11,0
3304,3078,12,0
3304,3076,13,0
3304,2421,14,1
3403,2421,1,0
3403,3075,2,0
3403,3077,3,0
3403,3079,4,0
3403,3080,5,0
3403,3309,6,0
3403,3310,7,0
3403,3271,8,0
3403,3029,9,0
3403,3008,10,0
3403,3007,11,0
3403,2135,12,0
3403,2160,13,0
3403,2159,14,0
3403,2158,15,0
3403,2157,16,0
3403,3201,17,0
3403,3202,18,0
3403,3203,19,0
3403,2445,20,0
3403,2355,21,1
3404,2355,1,0
3404,2446,2,0
3404,2451,3,0
3404,2223,4,0
3404,2225,5,0
3404,2228,6,0
3404,3131,7,0
3404,3212,8,0
3404,3211,9,0
3404,3084,10,0
3404,2516,11,0
3404,2151,12,0
3404,2518,13,0
3404,3269,14,0
3404,3343,15,0
3404,2260,16,0
3404,2864,17,0
3404,2717,18,0
3404,3078,19,0
3404,3076,20,0
3404,2421,21,1
5400,3172,1,0
5400,3333,2,0
5400,3055,3,0
5400,2708,4,1
5501,3172,1,0
5501,3333,2,0
5501,3055,3,0
5501,2708,4,1
7103,2965,1,0
7103,2964,2,0
7103,2961,3,0
7103,2510,4,0
7103,2511,5,0
7103,2233,6,0
7103,2880,7,0
7103,2877,8,0
7103,2875,9,0
7103,2907,10,0
7103,2896,11,0
7103,2899,12,0
7103,2241,13,0
7103,2904,14,0
7103,1010,15,0
7103,1011,16,0
7103,1012,17,0
7103,2531,18,0
7103,2905,19,0
7103,2527,20,0
7103,2242,21,0
7103,2521,22,0
7103,2522,23,0
7103,1013,24,0
7103,1014,25,0
7103,1015,26,0
7103,3422,27,0
7103,1016,28,0
7103,2894,29,0
7103,2892,30,0
7103,2890,31,0
7103,2888,32,0
7103,3337,33,0
7103,2886,34,0
7103,2884,35,0
7103,2826,36,0
7103,2237,37,0
7103,2317,38,0
7103,3157,39,0
7103,3247,40,0
7103,3226,41,0
7103,3233,42,1
8000,3110,1,0
8000,2881,2,0
8000,2852,3,0
8000,3154,4,0
8000,2855,5,0
8000,2872,6,0
8000,2874,7,0
8000,2272,8,0
8000,3157,9,0
8000,1050,10,0
8000,2586,11,0
8000,2299,12,0
8000,2967,13,0
8000,2700,14,0
8000,1052,15,0
8000,1053,16,0
8000,2247,17,0
8000,2248,18,0
8000,2246,19,0
8000,2296,20,0
8000,2294,21,0
8000,3438,22,0
8000,2266,23,1
8001,2292,1,0
8001,3437,2,0
8001,2293,3,0
8001,2295,4,0
8001,2514,5,0
8001,2836,6,0
8001,2843,7,0
8001,3332,8,0
8001,1054,9,0
8001,1055,10,0
8001,2297,11,0
8001,2718,12,0
8001,2298,13,0
8001,3111,14,0
8001,2882,15,0
8001,3170,16,0
8001,1056,17,0
8001,2873,18,0
8001,2858,19,0
8001,2857,20,0
8001,2154,21,0
8001,2853,22,0
8001,2866,23,0
8001,2959,24,0
8001,1051,25,1
8202,2393,1,0
8202,3050,2,0
8202,2219,3,0
8202,2501,4,0
8202,2502,5,0
8202,2638,6,0
8202,1030,7,0
8202,1031,8,0
8202,1032,9,0
8202,2459,10,0
8202,3411,11,0
8202,1033,12,0
8202,1034,13,0
8202,1035,14,0
8202,1036,15,0
8202,1037,16,0
8202,1038,17,0
8202,2354,18,0
8202,3433,19,0
8202,2442,20,0
8202,3004,21,0
8202,2643,22,0
8202,3057,23,0
8202,3323,24,0
8202,3363,25,0
8202,3324,26,0
8202,3325,27,0
8202,3326,28,0
8202,3327,29,0
8202,3328,30,0
8202,2105,31,0
8202,3329,32,0
8202,3330,33,0
8202,3307,34,0
8202,3308,35,0
8202,3331,36,1
8302,2657,1,0
8302,2653,2,0
8302,2651,3,0
8302,3113,4,0
8302,2868,5,0
8302,2627,6,0
8302,2346,7,0
8302,2383,8,0
8302,2384,9,0
8302,2387,10,0
8302,2388,11,0
8302,2579,12,0
8302,2392,13,0
8302,2578,14,0
8302,2617,15,0
8302,2618,16,0
8302,2580,17,0
8302,2619,18,0
8302,2582,19,0
8302,3114,20,1
8401,3172,1,0
8401,3002,2,0
8401,2565,3,0
8401,2567,4,0
8401,2601,5,0
8401,2599,6,0
8401,2596,7,0
8401,2595,8,0
8401,2478,9,0
8401,2603,10,0
8401,2604,11,0
8401,2606,12,0
8401,2607,13,0
8401,2610,14,0
8401,2611,15,0
8401,2786,16,0
8401,2311,17,0
8401,2832,18,0
8401,2782,19,0
8401,2934,20,0
8401,2932,21,0
8401,2829,22,0
8401,2930,23,0
8401,2927,24,0
8401,2926,25,0
8401,2923,26,0
8401,2921,27,0
8401,2918,28,0
8401,3093,29,0
8401,3092,30,0
8401,3090,31,0
8401,2834,32,0
8401,2290,33,0
8401,2800,34,0
8401,2802,35,0
8401,2165,36,1
8402,2167,1,0
8402,2803,2,0
8402,2865,3,0
8402,2801,4,0
8402,2795,5,0
8402,2794,6,0
8402,2488,7,0
8402,3089,8,0
8402,3091,9,0
8402,3094,10,0
8402,2919,11,0
8402,2920,12,0
8402,2922,13,0
8402,2924,14,0
8402,2925,15,0
8402,2928,16,0
8402,2929,17,0
8402,2931,18,0
8402,2933,19,0
8402,2935,20,0
8402,2303,21,0
8402,2786,22,1
8601,2442,1,0
8601,3004,2,0
8601,3082,3,0
8601,3081,4,0
8601,3323,5,0
8601,3363,6,0
8601,3324,7,0
8601,3325,8,0
8601,3326,9,0
8601,3327,10,0
8601,3328,11,0
8601,2105,12,0
8601,3329,13,0
8601,1045,14,0
8601,2135,15,0
8601,2160,16,0
8601,2159,17,0
8601,2158,18,0
8601,2157,19,0
8601,3201,20,0
8601,3202,21,0
8601,3203,22,0
8601,2445,23,0
8601,2355,24,0
8601,2446,25,0
8601,2451,26,0
8601,2637,27,0
8601,2498,28,0
8601,2229,29,1
8602,2499,1,0
8602,2638,2,0
8602,1030,3,0
8602,1031,4,0
8602,1032,5,0
8602,2459,6,0
8602,3411,7,0
8602,1033,8,0
8602,1034,9,0
8602,1035,10,0
8602,3382,11,0
8602,3383,12,0
8602,3384,13,0
8602,2134,14,0
8602,1041,15,0
8602,1042,16,0
8602,3266,17,0
8602,3205,18,0
8602,3028,19,0
8602,1043,20,0
8602,1044,21,0
8602,2249,22,0
8602,3006,23,0
8602,3005,24,0
8602,2443,25,1
9003,1000,1,0
9003,2553,2,0
9003,1001,3,0
9003,1002,4,0
9003,1003,5,0
9003,1004,6,1
9004,1004,1,0
9004,1003,2,0
9004,1002,3,0
9004,1001,4,0
9004,1000,5,0
9004,2553,6,0
9004,3113,7,1
9101,1005,1,0
9101,3113,2,0
9101,1007,3,0
9101,1003,4,0
9101,1004,5,1
9102,1004,1,0
9102,1003,2,0
9102,1007,3,0
9102,3113,4,0
9102,1005,5,1
9203,1003,1,0
9203,1002,2,0
9203,1009,3,1
9204,1009,1,0
9204,1004,2,0
9204,1003,3,1
12001,3172,1,0
12001,3169,2,0
12001,2614,3,0
12001,3388,4,0
12001,3390,5,0
12001,3392,6,0
12001,3394,7,0
12001,3396,8,0
12001,3398,9,0
12001,3400,10,0
12001,2138,11,0
12001,3402,12,0
12001,3404,13,0
12001,2107,14,0
12001,3406,15,0
12001,3362,16,0
12001,2636,17,0
12001,2992,18,0
12001,2991,19,0
12001,2164,20,0
12001,3220,21,0
12001,3218,22,0
12001,2973,23,0
12001,3173,24,0
12001,3174,25,1
12002,3174,1,0
12002,3175,2,0
12002,2161,3,0
12002,3217,4,0
12002,3219,5,0
12002,3177,6,0
12002,2163,7,0
12002,2993,8,0
12002,2449,9,0
12002,2315,10,0
12002,2587,11,0
12002,3405,12,0
12002,3403,13,0
12002,3401,14,0
12002,2137,15,0
12002,3399,16,0
12002,3397,17,0
12002,3395,18,0
12002,3393,19,0
12002,3391,20,0
12002,3389,21,0
12002,3387,22,0
12002,3137,23,0
12002,3172,24,1
12101,3172,1,0
12101,2145,2,0
12101,2413,3,0
12101,2141,4,0
12101,2140,5,0
12101,2139,6,1
12102,2139,1,0
12102,2142,2,0
12102,2144,3,0
12102,2146,4,0
12102,3172,5,1
19003,3172,1,0
19003,2235,2,0
19003,2236,3,0
19003,3348,4,0
19003,2907,5,0
19003,2896,6,0
19003,2901,7,0
19003,2902,8,0
19003,3346,9,0
19003,2287,10,0
19003,2533,11,0
19003,2529,12,0
19003,2506,13,0
19003,2521,14,0
19003,2522,15,0
19003,2523,16,0
19003,2525,17,0
19003,2894,18,0
19003,2892,19,0
19003,2890,20,0
19003,2888,21,0
19003,3337,22,0
19003,2886,23,0
19003,2884,24,0
19003,2826,25,0
19003,2237,26,0
19003,2317,27,1
19004,2870,1,0
19004,2238,2,0
19004,2827,3,0
19004,2883,4,0
19004,2885,5,0
19004,3336,6,0
19004,2887,7,0
19004,2889,8,0
19004,2891,9,0
19004,2893,10,0
19004,2526,11,0
19004,2524,12,0
19004,2520,13,0
19004,2505,14,0
19004,2531,15,0
19004,2532,16,0
19004,3345,17,0
19004,2903,18,0
19004,2897,19,0
19004,2895,20,0
19004,2906,21,0
19004,2876,22,0
19004,2239,23,0
19004,2240,24,1
100500,2206,1,0
100500,2205,2,0
100500,2203,3,0
100500,2201,4,0
100500,2199,5,0
100500,2197,6,0
100500,2195,7,0
100500,2193,8,0
100500,3329,9,0
100500,2103,10,0
100500,2148,11,0
100500,3032,12,0
100500,2149,13,0
100500,2245,14,0
100500,2435,15,0
100500,3034,16,0
100500,3035,17,0
100500,2152,18,0
100500,2217,19,0
100500,2128,20,0
100500,2130,21,0
100500,2126,22,0
100500,2124,23,0
100500,2122,24,0
100500,2120,25,0
100500,2118,26,0
100500,2116,27,0
100500,2114,28,0
100500,2133,29,0
100500,2115,30,0
100500,2968,31,0
100500,3233,32,0
100500,3223,33,0
100500,3244,34,0
100500,2420,35,0
100500,3170,36,0
100500,3151,37,0
100500,3156,38,0
100500,3224,39,0
100500,3153,40,0
100500,3245,41,0
100500,3236,42,0
100500,3152,43,0
100500,2850,44,0
100500,2849,45,0
100500,2756,46,0
100500,2759,47,0
100500,2760,48,0
100500,2763,49,0
100500,3142,50,0
100500,3172,51,1
100501,3172,1,0
100501,3169,2,0
100501,3143,3,0
100501,3003,4,0
100501,2762,5,0
100501,2761,6,0
100501,2758,7,0
100501,2757,8,0
100501,2268,9,0
100501,2851,10,0
100501,2269,11,0
100501,3245,12,0
100501,3236,13,0
100501,3152,14,0
100501,3140,15,0
100501,3155,16,0
100501,3150,17,0
100501,3157,18,0
100501,3247,19,0
100501,3226,20,0
100501,3233,21,0
100501,2969,22,0
100501,3038,23,0
100501,2132,24,0
100501,2117,25,0
100501,2119,26,0
100501,2121,27,0
100501,2123,28,0
100501,2125,29,0
100501,2127,30,0
100501,2131,31,0
100501,2218,32,0
100501,2153,33,0
100501,3435,34,0
100501,3033,35,0
100501,2149,36,0
100501,2245,37,0
100501,2434,38,0
100501,3031,39,0
100501,2147,40,0
100501,3030,41,0
100501,3010,42,0
100501,2192,43,0
100501,2194,44,0
100501,2196,45,0
100501,2198,46,0
100501,2200,47,0
100501,2202,48,0
100501,2204,49,0
100501,2206,50,1
101400,2189,1,0
101400,2188,2,0
101400,2186,3,0
101400,2184,4,0
101400,2182,5,0
101400,2180,6,0
101400,2178,7,0
101400,2176,8,0
101400,2174,9,0
101400,2172,10,0
101400,2170,11,0
101400,2168,12,0
101400,2325,13,0
101400,2214,14,0
101400,2859,15,0
101400,2861,16,0
101400,2467,17,0
101400,2468,18,0
101400,2469,19,0
101400,2471,20,0
101400,2472,21,0
101400,2357,22,0
101400,3049,23,0
101400,3127,24,0
101400,2326,25,0
101400,2328,26,0
101400,2330,27,0
101400,2332,28,0
101400,2335,29,0
101400,2336,30,0
101400,2339,31,0
101400,2340,32,0
101400,2341,33,0
101400,2343,34,0
101400,2345,35,0
101400,2623,36,0
101400,3159,37,0
101400,3160,38,0
101400,3162,39,0
101400,3265,40,0
101400,3113,41,0
101400,2652,42,0
101400,2654,43,0
101400,2656,44,0
101400,2658,45,0
101400,2660,46,0
101400,2662,47,0
101400,2664,48,0
101400,2666,49,0
101400,2668,50,0
101400,2670,51,0
101400,2539,52,0
101400,2540,53,0
101400,2545,54,0
101400,2574,55,0
101400,3119,56,0
101400,2285,57,0
101400,2307,58,0
101400,2306,59,0
101400,2308,60,0
101400,2513,61,0
101400,2512,62,0
101400,3172,63,1
101401,3172,1,0
101401,3002,2,0
101401,2565,3,0
101401,2568,4,0
101401,2305,5,0
101401,2999,6,0
101401,3000,7,0
101401,3001,8,0
101401,2360,9,0
101401,2571,10,0
101401,2573,11,0
101401,2544,12,0
101401,2541,13,0
101401,2538,14,0
101401,2671,15,0
101401,2669,16,0
101401,2667,17,0
101401,2665,18,0
101401,2663,19,0
101401,2661,20,0
101401,2659,21,0
101401,2657,22,0
101401,2653,23,0
101401,2651,24,0
101401,3113,25,0
101401,3161,26,0
101401,3193,27,0
101401,2625,28,0
101401,2624,29,0
101401,2344,30,0
101401,2342,31,0
101401,2458,32,0
101401,2457,33,0
101401,2338,34,0
101401,2337,35,0
101401,3138,36,0
101401,2334,37,0
101401,2333,38,0
101401,2331,39,0
101401,2329,40,0
101401,2288,41,0
101401,2327,42,0
101401,2263,43,0
101401,2348,44,0
101401,3408,45,0
101401,3371,46,0
101401,3372,47,0
101401,3373,48,0
101401,3374,49,0
101401,3375,50,0
101401,2860,51,0
101401,2324,52,0
101401,2171,53,0
101401,2173,54,0
101401,2175,55,0
101401,2177,56,0
101401,2179,57,0
101401,2181,58,0
101401,2183,59,0
101401,2185,60,0
101401,2187,61,0
101401,2189,62,1
108101,3323,1,0
108101,3363,2,0
108101,3324,3,0
108101,3325,4,0
108101,3326,5,0
108101,3327,6,0
108101,3328,7,0
108101,2105,8,0
108101,3329,9,0
108101,3330,10,0
108101,3307,11,0
108101,3308,12,0
108101,2249,13,0
108101,3006,14,0
108101,3005,15,0
108101,2443,16,0
108101,3434,17,0
108101,2444,18,0
108101,3213,19,0
108101,2497,20,0
108101,2426,21,0
108101,2393,22,0
108101,2395,23,0
108101,2397,24,0
108101,3021,25,0
108101,3024,26,0
108101,2398,27,1
208101,3056,1,0
208101,2441,2,0
208101,3005,3,0
208101,2443,4,0
208101,3434,5,0
208101,2444,6,0
208101,3198,7,0
208101,3199,8,0
208101,3200,9,0
208101,3201,10,0
208101,3202,11,0
208101,3203,12,0
208101,2445,13,0
208101,2355,14,0
208101,2446,15,0
208101,2451,16,0
208101,2637,17,0
208101,2498,18,0
208101,2229,19,0
208101,2393,20,0
208101,2395,21,0
208101,2397,22,0
208101,3021,23,0
208101,3024,24,0
208101,2398,25,1
1408103,2393,1,0
1408103,2395,2,0
1408103,2397,3,0
1408103,3021,4,0
1408103,3024,5,0
1408103,2398,6,0
1408103,2641,7,0
1408103,2642,8,0
1408103,2264,9,0
1408103,3050,10,0
1408103,2219,11,0
1408103,2501,12,0
1408103,2502,13,0
1408103,2638,14,0
1408103,1030,15,0
1408103,1031,16,0
1408103,1032,17,0
1408103,2459,18,0
1408103,3411,19,0
1408103,1033,20,0
1408103,1034,21,0
1408103,1035,22,0
1408103,1036,23,0
1408103,1037,24,0
1408103,1038,25,0
1408103,2354,26,0
1408103,3433,27,0
1408103,2442,28,0
1408103,3004,29,0
1408103,2643,30,0
1408103,3057,31,0
1408103,3323,32,0
1408103,3363,33,0
1408103,3324,34,0
1408103,3325,35,0
1408103,3326,36,0
1408103,3327,37,0
1408103,3328,38,0
1408103,2105,39,0
1408103,3329,40,0
1408103,3330,41,0
1408103,3307,42,0
1408103,3308,43,0
1408103,3331,44,1
1908104,2393,1,0
1908104,2395,2,0
1908104,2397,3,0
1908104,3021,4,0
1908104,3024,5,0
1908104,2398,6,0
1908104,3026,7,0
1908104,2405,8,0
1908104,2404,9,0
1908104,2403,10,0
1908104,2828,11,0
1908104,2402,12,0
1908104,2401,13,0
1908104,2400,14,0
1908104,2713,15,0
1908104,3011,16,0
1908104,2723,17,0
1908104,2726,18,0
1908104,2729,19,0
1908104,2230,20,0
1908104,2730,21,0
1908104,2733,22,0
1908104,2734,23,0
1908104,2737,24,0
1908104,2739,25,0
1908104,2475,26,0
1908104,3013,27,0
1908104,2480,28,0
1908104,2482,29,0
1908104,3179,30,0
1908104,3181,31,0
1908104,3182,32,1
