100,2129,1,0
100,2110,2,0
100,2108,3,0
100,2213,4,0
100,3233,5,0
100,3223,6,0
100,3244,7,0
100,2420,8,0
100,3170,9,0
100,3151,10,0
100,3156,11,0
100,3224,12,0
100,3153,13,0
100,3236,14,0
100,3245,15,0
100,3147,16,0
100,3146,17,0
100,3142,18,0
100,3172,19,1
101,3172,1,0
101,3169,2,0
101,3143,3,0
101,3003,4,0
101,3148,5,0
101,3236,6,0
101,3152,7,0
101,3140,8,0
101,3155,9,0
101,3150,10,0
101,3157,11,0
101,3247,12,0
101,3226,13,0
101,3233,14,0
101,2109,15,0
101,2111,16,0
101,2129,17,1
300,2245,1,0
300,2250,2,0
300,2261,3,0
300,2273,4,0
300,2319,5,0
300,2509,6,0
300,2430,7,0
300,2428,8,0
300,2426,9,0
300,2424,10,0
300,3130,11,0
300,2352,12,0
300,2593,13,0
300,2591,14,0
300,2590,15,0
300,2256,16,0
300,3231,17,0
300,3237,18,0
300,2421,19,0
300,3238,20,0
300,2259,21,0
300,2682,22,0
300,2422,23,0
300,2628,24,0
300,2302,25,0
300,2627,26,0
300,2346,27,0
300,2383,28,0
300,2384,29,0
300,2387,30,0
300,2388,31,0
300,2417,32,0
300,2972,33,0
300,2339,34,0
300,2340,35,0
300,2341,36,0
300,2343,37,0
300,2345,38,0
300,2623,39,0
300,3159,40,0
300,3160,41,0
300,3162,42,0
300,3265,43,0
300,3113,44,1
301,3113,1,0
301,2868,2,0
301,3116,3,0
301,2349,4,0
301,2350,5,0
301,2683,6,0
301,3237,7,0
301,2421,8,0
301,3238,9,0
301,2257,10,0
301,2589,11,0
301,2251,12,0
301,3025,13,0
301,3047,14,0
301,2423,15,0
301,2425,16,0
301,2427,17,0
301,2429,18,0
301,2431,19,0
301,2356,20,0
301,2507,21,0
301,2432,22,0
301,2149,23,0
301,2245,24,1
400,2318,1,0
400,3279,2,0
400,3278,3,0
400,3277,4,0
400,3273,5,0
400,3272,6,0
400,3133,7,0
400,2797,8,0
400,2796,9,0
400,2166,10,0
400,2794,11,0
400,2488,12,0
400,2313,13,0
400,3418,14,0
400,2489,15,0
400,3061,16,0
400,3062,17,0
400,3064,18,0
400,3417,19,0
400,3066,20,0
400,3421,21,0
400,3068,22,0
400,3070,23,0
400,3072,24,0
400,3172,25,0
400,3333,26,0
400,3055,27,0
400,2985,28,0
400,2980,29,0
400,2289,30,0
400,2720,31,0
400,2698,32,0
400,2696,33,0
400,2694,34,0
400,2693,35,0
400,2692,36,0
400,2690,37,0
400,2688,38,0
400,2687,39,0
400,2685,40,0
400,3073,41,0
400,3237,42,0
400,2421,43,1
401,2421,1,0
401,3238,2,0
401,2259,3,0
401,3074,4,0
401,2684,5,0
401,2686,6,0
401,2689,7,0
401,3123,8,0
401,2691,9,0
401,2093,10,0
401,3058,11,0
401,2695,12,0
401,2697,13,0
401,2699,14,0
401,2719,15,0
401,2701,16,0
401,2558,17,0
401,2981,18,0
401,2559,19,0
401,3053,20,0
401,2564,21,0
401,3172,22,0
401,3002,23,0
401,3071,24,0
401,3069,25,0
401,3420,26,0
401,3067,27,0
401,3416,28,0
401,3065,29,0
401,3063,30,0
401,2496,31,0
401,2491,32,0
401,3060,33,0
401,3419,34,0
401,2312,35,0
401,2834,36,0
401,2290,37,0
401,3349,38,0
401,2450,39,0
401,3270,40,0
401,3274,41,0
401,3276,42,0
401,3275,43,0
401,3280,44,0
401,2318,45,1
500,3172,1,0
500,3169,2,0
500,3143,3,0
500,3003,4,0
500,2762,5,0
500,2761,6,0
500,2758,7,0
500,2757,8,0
500,2268,9,0
500,2269,10,0
500,3236,11,0
500,3152,12,0
500,3140,13,0
500,3155,14,0
500,3150,15,0
500,3157,16,0
500,3247,17,0
500,3226,18,0
500,3233,19,0
500,2969,20,0
500,2092,21,0
500,3038,22,0
500,2208,23,0
500,3423,24,0
500,3036,25,0
500,2218,26,0
500,2153,27,0
500,3435,28,0
500,3033,29,0
500,2149,30,0
500,2245,31,0
500,2434,32,0
500,3031,33,0
500,2147,34,0
500,3030,35,0
500,3010,36,0
500,2192,37,0
500,2194,38,0
500,2196,39,0
500,2198,40,0
500,2200,41,0
500,2202,42,0
500,2204,43,0
500,2206,44,1
501,2206,1,0
501,2205,2,0
501,2203,3,0
501,2201,4,0
501,2199,5,0
501,2197,6,0
501,2195,7,0
501,2193,8,0
501,3329,9,0
501,2103,10,0
501,2148,11,0
501,3032,12,0
501,2149,13,0
501,2245,14,0
501,2435,15,0
501,3034,16,0
501,3035,17,0
501,2152,18,0
501,2217,19,0
501,3037,20,0
501,3422,21,0
501,2207,22,0
501,3039,23,0
501,2091,24,0
501,2968,25,0
501,3233,26,0
501,3223,27,0
501,3244,28,0
501,2420,29,0
501,3170,30,0
501,3151,31,0
501,3156,32,0
501,3224,33,0
501,3153,34,0
501,3236,35,0
501,2850,36,0
501,2849,37,0
501,2756,38,0
501,2759,39,0
501,2760,40,0
501,2763,41,0
501,3142,42,0
501,3172,43,1
600,3174,1,0
600,3214,2,0
600,2280,3,0
600,2281,4,0
600,3342,5,0
600,2282,6,0
600,3197,7,0
600,2283,8,0
600,2284,9,0
600,2993,10,0
600,2449,11,0
600,2315,12,0
600,2587,13,0
600,2271,14,0
600,2840,15,0
600,2837,16,0
600,2781,17,0
600,2835,18,0
600,3158,19,0
600,2112,20,0
600,2439,21,0
600,2856,22,0
600,3153,23,0
600,3236,24,0
600,3152,25,0
600,2154,26,0
600,2853,27,0
600,2866,28,0
600,2959,29,0
600,2231,30,0
600,2957,31,0
600,2503,32,0
600,2438,33,0
600,2232,34,0
600,2639,35,0
600,2640,36,0
600,3334,37,0
600,3085,38,0
600,3083,39,0
600,2516,40,0
600,2151,41,0
600,2518,42,0
600,3269,43,0
600,3343,44,0
600,2260,45,0
600,2864,46,0
600,2717,47,0
600,3078,48,0
600,3076,49,0
600,2421,50,1
601,2421,1,0
601,3075,2,0
601,3077,3,0
601,3079,4,0
601,3080,5,0
601,3309,6,0
601,3310,7,0
601,3271,8,0
601,2517,9,0
601,2150,10,0
601,2515,11,0
601,2358,12,0
601,3086,13,0
601,3335,14,0
601,2641,15,0
601,2642,16,0
601,2264,17,0
601,2437,18,0
601,2504,19,0
601,2956,20,0
601,2984,21,0
601,2982,22,0
601,2881,23,0
601,2852,24,0
601,3224,25,0
601,3153,26,0
601,3236,27,0
601,3152,28,0
601,2854,29,0
601,2440,30,0
601,2113,31,0
601,2447,32,0
601,2448,33,0
601,2838,34,0
601,2839,35,0
601,2270,36,0
601,3362,37,0
601,2636,38,0
601,2992,39,0
601,2975,40,0
601,2454,41,0
601,2274,42,0
601,2275,43,0
601,2276,44,0
601,2277,45,0
601,2278,46,0
601,2973,47,0
601,3173,48,0
601,3174,49,1
1000,2421,1,0
1000,3238,2,0
1000,3108,3,0
1000,2978,4,0
1000,3105,5,0
1000,2979,6,0
1000,3103,7,0
1000,2209,8,0
1000,3075,9,0
1000,3077,10,0
1000,3079,11,0
1000,3351,12,0
1000,3352,13,0
1000,3355,14,0
1000,3356,15,0
1000,3359,16,0
1000,2215,17,0
1000,3361,18,0
1000,2258,19,0
1000,3320,20,0
1000,3318,21,0
1000,3316,22,0
1000,3305,23,0
1000,3304,24,0
1000,3303,25,0
1000,3378,26,0
1000,2711,27,0
1000,3134,28,0
1000,2706,29,0
1000,3052,30,0
1000,3122,31,0
1000,2563,32,0
1000,2560,33,0
1000,2986,34,0
1000,2559,35,0
1000,3053,36,0
1000,2564,37,0
1000,3172,38,1
1001,3172,1,0
1001,3333,2,0
1001,3055,3,0
1001,2985,4,0
1001,2987,5,0
1001,2561,6,0
1001,2562,7,0
1001,3121,8,0
1001,2705,9,0
1001,2707,10,0
1001,2708,11,0
1001,2710,12,0
1001,3312,13,0
1001,3313,14,0
1001,3314,15,0
1001,3315,16,0
1001,3317,17,0
1001,3319,18,0
1001,3321,19,0
1001,2259,20,0
1001,3360,21,0
1001,2216,22,0
1001,3358,23,0
1001,3357,24,0
1001,3354,25,0
1001,3353,26,0
1001,3350,27,0
1001,2622,28,0
1001,2717,29,0
1001,3078,30,0
1001,3076,31,0
1001,2976,32,0
1001,2977,33,0
1001,3106,34,0
1001,3104,35,0
1001,3107,36,0
1001,3231,37,0
1001,3237,38,0
1001,2421,39,1
1100,2318,1,0
1100,3279,2,0
1100,3278,3,0
1100,3277,4,0
1100,3273,5,0
1100,3272,6,0
1100,3133,7,0
1100,2997,8,0
1100,2488,9,0
1100,3089,10,0
1100,3091,11,0
1100,3094,12,0
1100,2919,13,0
1100,2920,14,0
1100,2922,15,0
1100,2924,16,0
1100,2925,17,0
1100,2928,18,0
1100,2929,19,0
1100,2931,20,0
1100,2933,21,0
1100,2935,22,0
1100,2303,23,0
1100,2310,24,0
1100,2609,25,0
1100,2608,26,0
1100,2605,27,0
1100,2492,28,0
1100,2487,29,0
1100,2602,30,0
1100,2309,31,0
1100,2597,32,0
1100,2598,33,0
1100,2600,34,0
1100,2566,35,0
1100,2513,36,0
1100,2512,37,0
1100,3172,38,1
1101,3172,1,0
1101,3002,2,0
1101,2565,3,0
1101,2567,4,0
1101,2601,5,0
1101,2599,6,0
1101,2596,7,0
1101,2595,8,0
1101,2478,9,0
1101,2603,10,0
1101,2604,11,0
1101,2606,12,0
1101,2607,13,0
1101,2610,14,0
1101,2611,15,0
1101,2786,16,0
1101,2311,17,0
1101,2782,18,0
1101,2934,19,0
1101,2932,20,0
1101,2829,21,0
1101,2930,22,0
1101,2927,23,0
1101,2926,24,0
1101,2923,25,0
1101,2921,26,0
1101,2918,27,0
1101,3093,28,0
1101,3092,29,0
1101,3090,30,0
1101,2834,31,0
1101,2998,32,0
1101,3246,33,0
1101,3270,34,0
1101,3274,35,0
1101,3276,36,0
1101,3275,37,0
1101,3280,38,0
1101,2318,39,1
1200,2318,1,0
1200,3279,2,0
1200,3278,3,0
1200,3277,4,0
1200,3273,5,0
1200,3272,6,0
1200,3133,7,0
1200,2797,8,0
1200,2796,9,0
1200,2166,10,0
1200,2800,11,0
1200,2802,12,0
1200,2165,13,0
1200,3262,14,0
1200,3379,15,0
1200,3190,16,0
1200,3258,17,0
1200,3248,18,0
1200,3208,19,0
1200,3059,20,0
1200,2281,21,0
1200,3342,22,0
1200,2282,23,0
1200,3197,24,0
1200,2283,25,0
1200,2284,26,0
1200,2993,27,0
1200,2449,28,0
1200,2315,29,0
1200,2454,30,0
1200,2274,31,0
1200,2275,32,0
1200,2276,33,0
1200,2277,34,0
1200,2278,35,0
1200,2973,36,0
1200,3173,37,0
1200,3174,38,1
1201,3174,1,0
1201,3175,2,0
1201,2279,3,0
1201,2280,4,0
1201,2702,5,0
1201,3209,6,0
1201,3241,7,0
1201,3250,8,0
1201,3257,9,0
1201,2635,10,0
1201,3191,11,0
1201,3259,12,0
1201,3261,13,0
1201,2167,14,0
1201,2803,15,0
1201,2865,16,0
1201,2801,17,0
1201,2795,18,0
1201,3349,19,0
1201,2450,20,0
1201,3270,21,0
1201,3274,22,0
1201,3276,23,0
1201,3275,24,0
1201,3280,25,0
1201,2318,26,1
1300,2421,1,0
1300,3075,2,0
1300,3077,3,0
1300,3079,4,0
1300,3080,5,0
1300,3309,6,0
1300,3310,7,0
1300,3271,8,0
1300,2249,9,0
1300,3006,10,0
1300,3005,11,0
1300,2443,12,0
1300,3434,13,0
1300,2444,14,0
1300,3213,15,0
1300,2497,16,0
1300,2227,17,0
1300,2226,18,0
1300,2224,19,0
1300,2637,20,0
1300,2222,21,0
1300,2221,22,0
1300,2220,23,0
1300,2500,24,0
1300,2504,25,0
1300,2956,26,0
1300,2955,27,0
1300,2954,28,0
1300,2953,29,0
1300,2952,30,0
1300,3306,31,0
1300,2951,32,0
1300,2950,33,0
1300,2949,34,0
1300,2234,35,0
1300,2945,36,0
1300,2943,37,0
1300,2941,38,0
1300,2612,39,0
1300,3172,40,1
1301,3172,1,0
1301,3169,2,0
1301,2613,3,0
1301,2941,4,0
1301,2942,5,0
1301,2944,6,0
1301,2946,7,0
1301,2948,8,0
1301,2947,9,0
1301,2353,10,0
1301,3322,11,0
1301,3102,12,0
1301,3101,13,0
1301,3100,14,0
1301,3054,15,0
1301,2503,16,0
1301,2438,17,0
1301,3050,18,0
1301,2219,19,0
1301,2501,20,0
1301,2502,21,0
1301,2638,22,0
1301,2223,23,0
1301,2225,24,0
1301,2228,25,0
1301,3131,26,0
1301,2316,27,0
1301,2354,28,0
1301,3433,29,0
1301,2442,30,0
1301,3004,31,0
1301,3082,32,0
1301,3081,33,0
1301,3269,34,0
1301,3343,35,0
1301,2260,36,0
1301,2864,37,0
1301,2717,38,0
1301,3078,39,0
1301,3076,40,0
1301,2421,41,1
1400,3172,1,0
1400,3333,2,0
1400,3055,3,0
1400,2985,4,0
1400,2633,5,0
1400,2453,6,0
1400,3243,7,0
1400,2549,8,0
1400,2542,9,0
1400,2630,10,0
1400,3118,11,0
1400,2545,12,0
1400,2574,13,0
1400,2571,14,0
1400,2101,15,0
1400,2573,16,0
1400,2544,17,0
1400,2541,18,0
1400,2538,19,0
1400,2671,20,0
1400,2669,21,0
1400,2667,22,0
1400,2665,23,0
1400,2663,24,0
1400,2661,25,0
1400,2659,26,0
1400,2657,27,0
1400,2653,28,0
1400,2651,29,0
1400,3113,30,0
1400,3161,31,0
1400,3193,32,0
1400,2625,33,0
1400,2624,34,0
1400,2344,35,0
1400,2342,36,0
1400,2458,37,0
1400,2457,38,0
1400,2338,39,0
1400,2337,40,0
1400,3138,41,0
1400,2334,42,0
1400,2333,43,0
1400,2331,44,0
1400,2329,45,0
1400,2288,46,0
1400,2327,47,0
1400,2263,48,0
1400,2254,49,0
1400,2495,50,0
1400,2862,51,0
1400,3048,52,0
1400,2493,53,0
1400,2323,54,0
1400,3376,55,0
1400,2169,56,0
1400,2324,57,0
1400,2171,58,0
1400,2173,59,0
1400,2175,60,0
1400,2177,61,0
1400,2179,62,0
1400,2181,63,0
1400,2183,64,0
1400,2185,65,0
1400,2187,66,0
1400,2189,67,1
1401,2189,1,0
1401,2188,2,0
1401,2186,3,0
1401,2184,4,0
1401,2180,5,0
1401,2178,6,0
1401,2176,7,0
1401,2174,8,0
1401,2172,9,0
1401,2170,10,0
1401,2168,11,0
1401,2325,12,0
1401,2214,13,0
1401,2304,14,0
1401,3364,15,0
1401,3365,16,0
1401,3366,17,0
1401,3367,18,0
1401,3368,19,0
1401,3369,20,0
1401,3370,21,0
1401,3127,22,0
1401,2326,23,0
1401,2328,24,0
1401,2330,25,0
1401,2332,26,0
1401,2335,27,0
1401,2336,28,0
1401,2339,29,0
1401,2340,30,0
1401,2341,31,0
1401,2343,32,0
1401,2345,33,0
1401,2623,34,0
1401,3159,35,0
1401,3160,36,0
1401,3162,37,0
1401,3265,38,0
1401,3113,39,0
1401,2652,40,0
1401,2654,41,0
1401,2656,42,0
1401,2658,43,0
1401,2660,44,0
1401,2662,45,0
1401,2664,46,0
1401,2666,47,0
1401,2668,48,0
1401,2670,49,0
1401,2539,50,0
1401,2540,51,0
1401,2545,52,0
1401,2574,53,0
1401,3119,54,0
1401,2101,55,0
1401,2573,56,0
1401,2547,57,0
1401,2546,58,0
1401,2543,59,0
1401,2548,60,0
1401,2550,61,0
1401,2552,62,0
1401,2632,63,0
1401,3344,64,0
1401,2559,65,0
1401,3053,66,0
1401,2564,67,0
1401,3172,68,1
1500,3172,1,0
1500,3333,2,0
1500,3055,3,0
1500,2985,4,0
1500,2987,5,0
1500,2557,6,0
1500,2554,7,0
1500,2553,8,0
1500,2551,9,0
1500,2536,10,0
1500,2534,11,0
1500,2673,12,0
1500,2675,13,0
1500,2676,14,0
1500,2678,15,0
1500,2286,16,0
1500,3125,17,0
1500,2649,18,0
1500,2648,19,0
1500,3126,20,0
1500,2646,21,0
1500,2714,22,0
1500,2715,23,0
1500,2644,24,0
1500,2351,25,0
1500,2629,26,0
1500,2620,27,0
1500,2581,28,0
1500,2994,29,0
1500,3385,30,0
1500,2995,31,0
1500,2996,32,0
1500,2407,33,0
1500,2391,34,0
1500,2389,35,0
1500,2577,36,0
1500,2386,37,0
1500,2385,38,0
1500,2382,39,0
1500,2381,40,0
1500,2626,41,0
1500,2869,42,0
1500,3113,43,1
1501,3113,1,0
1501,2868,2,0
1501,2627,3,0
1501,2346,4,0
1501,2383,5,0
1501,2384,6,0
1501,2387,7,0
1501,2388,8,0
1501,2579,9,0
1501,2392,10,0
1501,2578,11,0
1501,2617,12,0
1501,2618,13,0
1501,2580,14,0
1501,2619,15,0
1501,2582,16,0
1501,3114,17,0
1501,2645,18,0
1501,2712,19,0
1501,2716,20,0
1501,2647,21,0
1501,2703,22,0
1501,3124,23,0
1501,2650,24,0
1501,2681,25,0
1501,2680,26,0
1501,2679,27,0
1501,2677,28,0
1501,2674,29,0
1501,2672,30,0
1501,2535,31,0
1501,2537,32,0
1501,2631,33,0
1501,2555,34,0
1501,2556,35,0
1501,3120,36,0
1501,2559,37,0
1501,3053,38,0
1501,2564,39,0
1501,3172,40,1
1800,2421,1,0
1800,3238,2,0
1800,2257,3,0
1800,2589,4,0
1800,3011,5,0
1800,2723,6,0
1800,2726,7,0
1800,2729,8,0
1800,2230,9,0
1800,2730,10,0
1800,2733,11,0
1800,2734,12,0
1800,2737,13,0
1800,2739,14,0
1800,2743,15,0
1800,3164,16,0
1800,3386,17,0
1800,3139,18,0
1800,2747,19,0
1800,2748,20,0
1800,3230,21,0
1800,2560,22,0
1800,2986,23,0
1800,2559,24,0
1800,3053,25,0
1800,2564,26,0
1800,3172,27,1
1801,3172,1,0
1801,3333,2,0
1801,3055,3,0
1801,2985,4,0
1801,2987,5,0
1801,2561,6,0
1801,3229,7,0
1801,3228,8,0
1801,2746,9,0
1801,2745,10,0
1801,3204,11,0
1801,3163,12,0
1801,2744,13,0
1801,2742,14,0
1801,2740,15,0
1801,2738,16,0
1801,2736,17,0
1801,2735,18,0
1801,2732,19,0
1801,2731,20,0
1801,3012,21,0
1801,2728,22,0
1801,2727,23,0
1801,2725,24,0
1801,2724,25,0
1801,2722,26,0
1801,2721,27,0
1801,2256,28,0
1801,3231,29,0
1801,3237,30,0
1801,2421,31,1
1900,3172,1,0
1900,3169,2,0
1900,3143,3,0
1900,2754,4,0
1900,2753,5,0
1900,2751,6,0
1900,2965,7,0
1900,2964,8,0
1900,2961,9,0
1900,2510,10,0
1900,2511,11,0
1900,2233,12,0
1900,2880,13,0
1900,2877,14,0
1900,2875,15,0
1900,2907,16,0
1900,2896,17,0
1900,2899,18,0
1900,2241,19,0
1900,2904,20,0
1900,2287,21,0
1900,2533,22,0
1900,2905,23,0
1900,2527,24,0
1900,2242,25,0
1900,2521,26,0
1900,2522,27,0
1900,2523,28,0
1900,2525,29,0
1900,2894,30,0
1900,2892,31,0
1900,2890,32,0
1900,2888,33,0
1900,3337,34,0
1900,2886,35,0
1900,2884,36,0
1900,2826,37,0
1900,2237,38,0
1900,2317,39,0
1900,3150,40,0
1900,3157,41,0
1900,3247,42,0
1900,3226,43,0
1900,3233,44,1
1901,3233,1,0
1901,3223,2,0
1901,3244,3,0
1901,2420,4,0
1901,3170,5,0
1901,2870,6,0
1901,2238,7,0
1901,2827,8,0
1901,2883,9,0
1901,2885,10,0
1901,3336,11,0
1901,2887,12,0
1901,2889,13,0
1901,2891,14,0
1901,2893,15,0
1901,2526,16,0
1901,2524,17,0
1901,2520,18,0
1901,2528,19,0
1901,2243,20,0
1901,2530,21,0
1901,2532,22,0
1901,3345,23,0
1901,2244,24,0
1901,2900,25,0
1901,2898,26,0
1901,2895,27,0
1901,2906,28,0
1901,2876,29,0
1901,2878,30,0
1901,2879,31,0
1901,2958,32,0
1901,2983,33,0
1901,2960,34,0
1901,2962,35,0
1901,2963,36,0
1901,2136,37,0
1901,2966,38,0
1901,2750,39,0
1901,2752,40,0
1901,2755,41,0
1901,3146,42,0
1901,3142,43,0
1901,3172,44,1
2000,3172,1,0
2000,3169,2,0
2000,2614,3,0
2000,2937,4,0
2000,2939,5,0
2000,2940,6,0
2000,2292,7,0
2000,3437,8,0
2000,2293,9,0
2000,2295,10,0
2000,2514,11,0
2000,2836,12,0
2000,2843,13,0
2000,3332,14,0
2000,2842,15,0
2000,2455,16,0
2000,2841,17,0
2000,2104,18,0
2000,3043,19,0
2000,3040,20,0
2000,2297,21,0
2000,2718,22,0
2000,2298,23,0
2000,3111,24,0
2000,2882,25,0
2000,3247,26,0
2000,3226,27,0
2000,3233,28,1
2001,3233,1,0
2001,3223,2,0
2001,3244,3,0
2001,2583,4,0
2001,2210,5,0
2001,2300,6,0
2001,2634,7,0
2001,2291,8,0
2001,2586,9,0
2001,2299,10,0
2001,2967,11,0
2001,2700,12,0
2001,3041,13,0
2001,3042,14,0
2001,3044,15,0
2001,3045,16,0
2001,3046,17,0
2001,2247,18,0
2001,2248,19,0
2001,2246,20,0
2001,2296,21,0
2001,2294,22,0
2001,3438,23,0
2001,2266,24,0
2001,2938,25,0
2001,2616,26,0
2001,2615,27,0
2001,3137,28,0
2001,3172,29,1
2400,3172,1,0
2400,3169,2,0
2400,3143,3,0
2400,3003,4,0
2400,3148,5,0
2400,3236,6,0
2400,3152,7,0
2400,3140,8,0
2400,3155,9,0
2400,3150,10,0
2400,3157,11,0
2400,3247,12,0
2400,3226,13,0
2400,3233,14,0
2400,2969,15,0
2400,2634,16,0
2400,3431,17,0
2400,3427,18,0
2400,3425,19,0
2400,3429,20,0
2400,2086,21,0
2400,2211,22,0
2400,2988,23,0
2400,2974,24,0
2400,3214,25,0
2400,3281,26,0
2400,3283,27,0
2400,3285,28,0
2400,3288,29,0
2400,3302,30,0
2400,3301,31,0
2400,3300,32,0
2400,3298,33,0
2400,3297,34,0
2400,3296,35,0
2400,2320,36,1
2401,2320,1,0
2401,3294,2,0
2401,3293,3,0
2401,3292,4,0
2401,3291,5,0
2401,2301,6,0
2401,3290,7,0
2401,3289,8,0
2401,3287,9,0
2401,3286,10,0
2401,3284,11,0
2401,3282,12,0
2401,2584,13,0
2401,2585,14,0
2401,2314,15,0
2401,2452,16,0
2401,2212,17,0
2401,2085,18,0
2401,3424,19,0
2401,3426,20,0
2401,3428,21,0
2401,3430,22,0
2401,2213,23,0
2401,3233,24,0
2401,3223,25,0
2401,3244,26,0
2401,2420,27,0
2401,3170,28,0
2401,3151,29,0
2401,3156,30,0
2401,3224,31,0
2401,3153,32,0
2401,3236,33,0
2401,3245,34,0
2401,3147,35,0
2401,3146,36,0
2401,3142,37,0
2401,3172,38,1
2600,2777,1,0
2600,2776,2,0
2600,2775,3,0
2600,2774,4,0
2600,2773,5,0
2600,2772,6,0
2600,2771,7,0
2600,2770,8,0
2600,2766,9,0
2600,2938,10,0
2600,2616,11,0
2600,2615,12,0
2600,3137,13,0
2600,3172,14,1
2601,3172,1,0
2601,3169,2,0
2601,2614,3,0
2601,2937,4,0
2601,2939,5,0
2601,2940,6,0
2601,2764,7,0
2601,2765,8,0
2601,2767,9,0
2601,2768,10,0
2601,2769,11,0
2601,2267,12,0
2601,2780,13,0
2601,2779,14,0
2601,2778,15,0
2601,2777,16,1
2800,2421,1,0
2800,3238,2,0
2800,2257,3,0
2800,2589,4,0
2800,2251,5,0
2800,3025,6,0
2800,3026,7,0
2800,2405,8,0
2800,2404,9,0
2800,2403,10,0
2800,2828,11,0
2800,2402,12,0
2800,2401,13,0
2800,2400,14,0
2800,2494,15,0
2800,2406,16,0
2800,3027,17,0
2800,2592,18,0
2800,2399,19,0
2800,3023,20,0
2800,3022,21,0
2800,2396,22,0
2800,2394,23,0
2800,3019,24,0
2800,3018,25,0
2800,3017,26,0
2800,2486,27,0
2800,2485,28,0
2800,2483,29,0
2800,3179,30,0
2800,3181,31,0
2800,3182,32,0
2800,2477,33,0
2800,2701,34,0
2800,2558,35,0
2800,2981,36,0
2800,2559,37,0
2800,3053,38,0
2800,2564,39,0
2800,3172,40,1
2801,3172,1,0
2801,3333,2,0
2801,3055,3,0
2801,2985,4,0
2801,2980,5,0
2801,2289,6,0
2801,2720,7,0
2801,3051,8,0
2801,3180,9,0
2801,3178,10,0
2801,3176,11,0
2801,2484,12,0
2801,3015,13,0
2801,3016,14,0
2801,2490,15,0
2801,3020,16,0
2801,2395,17,0
2801,2397,18,0
2801,3021,19,0
2801,3024,20,0
2801,2398,21,0
2801,2456,22,0
2801,3026,23,0
2801,2405,24,0
2801,2404,25,0
2801,2403,26,0
2801,2828,27,0
2801,2402,28,0
2801,2401,29,0
2801,2400,30,0
2801,2494,31,0
2801,2406,32,0
2801,3027,33,0
2801,2593,34,0
2801,2591,35,0
2801,2590,36,0
2801,2256,37,0
2801,3231,38,0
2801,3237,39,0
2801,2421,40,1
3400,2421,1,0
3400,3075,2,0
3400,3077,3,0
3400,3079,4,0
3400,3080,5,0
3400,3309,6,0
3400,3310,7,0
3400,3323,8,0
3400,3363,9,0
3400,3324,10,0
3400,3325,11,0
3400,3326,12,0
3400,3327,13,0
3400,3328,14,0
3400,2105,15,0
3400,3329,16,0
3400,3330,17,0
3400,2135,18,0
3400,2160,19,0
3400,2159,20,0
3400,2158,21,0
3400,2157,22,0
3400,3201,23,0
3400,3202,24,0
3400,3203,25,0
3400,2445,26,0
3400,2355,27,1
3401,2355,1,0
3401,2446,2,0
3401,2451,3,0
3401,2223,4,0
3401,2225,5,0
3401,2228,6,0
3401,3131,7,0
3401,3212,8,0
3401,3211,9,0
3401,3084,10,0
3401,2516,11,0
3401,2151,12,0
3401,2518,13,0
3401,3269,14,0
3401,3343,15,0
3401,2260,16,0
3401,2864,17,0
3401,2717,18,0
3401,3078,19,0
3401,3076,20,0
3401,2421,21,1
7100,2353,1,0
7100,3322,2,0
7100,3102,3,0
7100,3101,4,0
7100,3100,5,0
7100,3054,6,0
7100,2503,7,0
7100,2438,8,0
7100,3050,9,0
7100,2219,10,0
7100,2501,11,0
7100,2502,12,0
7100,2638,13,0
7100,2223,14,0
7100,2225,15,0
7100,2228,16,0
7100,3131,17,0
7100,2316,18,0
7100,2354,19,0
7100,3433,20,0
7100,2442,21,0
7100,3004,22,0
7100,3082,23,0
7100,3081,24,1
7100,2136,25,0
7100,2966,26,0
7100,2750,27,0
7100,2752,28,0
7100,3146,29,0
7100,3142,30,0
7100,2613,31,0
7100,2941,32,1
7101,2941,1,0
7101,3143,2,0
7101,2754,3,0
7101,2753,4,0
7101,2751,5,0
7101,2965,6,0
7101,2964,7,0
7101,2961,8,0
7101,2510,9,0
7101,2511,10,0
7101,2233,11,0
7101,2880,12,0
7101,2877,13,0
7101,2875,14,0
7101,2907,15,0
7101,2896,16,0
7101,2899,17,0
7101,2241,18,0
7101,2904,19,0
7101,1010,20,0
7101,1011,21,0
7101,1012,22,0
7101,2531,23,0
7101,2905,24,0
7101,2527,25,0
7101,2242,26,0
7101,2521,27,0
7101,2522,28,0
7101,1013,29,0
7101,1014,30,0
7101,1015,31,0
7101,1016,32,0
7101,2894,33,0
7101,2892,34,0
7101,2890,35,0
7101,2888,36,0
7101,3337,37,0
7101,2886,38,0
7101,2884,39,0
7101,2826,40,0
7101,2237,41,0
7101,2317,42,0
7101,3150,43,0
7101,3157,44,0
7101,3247,45,0
7101,3226,46,0
7101,3233,47,1
8000,2292,1,0
8000,3437,2,0
8000,2293,3,0
8000,2295,4,0
8000,2514,5,0
8000,2836,6,0
8000,2843,7,0
8000,3332,8,0
8000,1054,9,0
8000,1055,10,0
8000,2297,11,0
8000,2718,12,0
8000,2298,13,0
8000,3111,14,0
8000,2882,15,0
8000,3170,16,0
8000,1056,17,0
8000,2873,18,0
8000,2858,19,0
8000,2857,20,0
8000,2154,21,0
8000,2853,22,0
8000,2866,23,0
8000,2959,24,0
8000,1051,25,1
8001,3110,1,0
8001,2881,2,0
8001,2852,3,0
8001,3154,4,0
8001,2855,5,0
8001,2872,6,0
8001,2874,7,0
8001,2272,8,0
8001,3150,9,0
8001,3157,10,0
8001,1050,11,0
8001,2586,12,0
8001,2299,13,0
8001,2967,14,0
8001,2700,15,0
8001,1052,16,0
8001,1053,17,0
8001,2247,18,0
8001,2248,19,0
8001,2246,20,0
8001,2296,21,0
8001,2294,22,0
8001,3438,23,0
8001,2266,24,1
8201,2393,1,0
8201,3018,2,0
8201,3017,3,0
8201,3050,4,0
8201,2219,5,0
8201,2501,6,0
8201,2502,7,0
8201,2638,8,0
8201,1030,9,0
8201,1031,10,0
8201,1032,11,0
8201,2459,12,0
8201,3411,13,0
8201,1033,14,0
8201,1034,15,0
8201,1035,16,0
8201,1036,17,0
8201,1037,18,0
8201,1038,19,0
8201,2354,20,0
8201,3433,21,0
8201,2442,22,0
8201,3004,23,0
8201,2643,24,0
8201,3057,25,0
8201,3323,26,0
8201,3363,27,0
8201,3324,28,0
8201,3325,29,0
8201,3326,30,0
8201,3327,31,0
8201,3328,32,0
8201,2105,33,0
8201,3329,34,0
8201,3330,35,0
8201,3307,36,0
8201,3308,37,0
8201,3331,38,1
8300,2657,1,0
8300,2653,2,0
8300,2651,3,0
8300,3113,4,0
8300,2868,5,0
8300,2627,6,0
8300,2346,7,0
8300,2383,8,0
8300,2384,9,0
8300,2387,10,0
8300,2388,11,0
8300,2579,12,0
8300,2392,13,0
8300,2578,14,0
8300,2617,15,0
8300,2618,16,0
8300,2580,17,0
8300,2619,18,0
8300,2582,19,0
8300,3114,20,1
8301,3113,1,0
8301,2652,2,0
8301,2654,3,0
8301,2656,4,0
8301,2658,5,0
8301,2660,6,0
8301,2662,7,0
8301,2664,8,0
8301,2666,9,0
8301,2668,10,0
8301,2670,11,0
8301,2539,12,0
8301,2540,13,0
8301,2545,14,0
8301,2574,15,0
8301,3119,16,0
8301,2101,17,0
8301,2573,18,0
8301,2547,19,0
8301,2546,20,0
8301,2543,21,0
8301,2548,22,0
8301,2550,23,0
8301,2552,24,0
8301,2632,25,0
8301,3344,26,0
8301,2559,27,0
8301,3053,28,0
8301,2564,29,0
8301,2285,30,0
8301,2307,31,0
8301,2306,32,0
8301,2308,33,0
8301,2513,34,0
8301,2512,35,0
8301,3172,36,1
8400,2167,1,0
8400,2803,2,0
8400,2865,3,0
8400,2801,4,0
8400,2795,5,0
8400,2794,6,0
8400,2488,7,0
8400,3089,8,0
8400,3091,9,0
8400,3094,10,0
8400,2919,11,0
8400,2920,12,0
8400,2922,13,0
8400,2924,14,0
8400,2925,15,0
8400,2928,16,0
8400,2929,17,0
8400,2931,18,0
8400,2933,19,0
8400,2935,20,0
8400,2303,21,0
8400,2786,22,1
8401,2786,1,0
8401,2311,2,0
8401,2782,3,0
8401,2934,4,0
8401,2932,5,0
8401,2829,6,0
8401,2930,7,0
8401,2927,8,0
8401,2926,9,0
8401,2923,10,0
8401,2921,11,0
8401,2918,12,0
8401,3093,13,0
8401,3092,14,0
8401,3090,15,0
8401,2834,16,0
8401,2290,17,0
8401,2800,18,0
8401,2802,19,0
8401,2165,20,1
8600,2499,1,0
8600,2638,2,0
8600,1030,3,0
8600,1031,4,0
8600,1032,5,0
8600,2459,6,0
8600,3411,7,0
8600,1033,8,0
8600,1034,9,0
8600,1035,10,0
8600,3382,11,0
8600,3383,12,0
8600,3384,13,0
8600,2134,14,0
8600,3308,15,0
8600,1041,16,0
8600,1042,17,0
8600,3266,18,0
8600,3205,19,0
8600,3028,20,0
8600,1043,21,0
8600,1044,22,0
8600,2249,23,0
8600,3006,24,0
8600,3005,25,0
8600,2443,26,1
8601,2443,1,0
8601,3434,2,0
8601,2444,3,0
8601,3213,4,0
8601,2497,5,0
8601,2227,6,0
8601,2226,7,0
8601,2224,8,0
8601,2637,9,0
8601,2222,10,0
8601,2221,11,0
8601,2220,12,0
8601,2500,13,0
8601,2504,14,0
8601,2956,15,0
8601,2955,16,0
8601,2954,17,0
8601,2953,18,0
8601,2952,19,0
8601,3306,20,0
8601,2951,21,0
8601,2950,22,0
8601,2949,23,0
8601,2234,24,0
8601,2945,25,0
8601,2943,26,0
8601,2941,27,1
12000,3174,1,0
12000,3175,2,0
12000,2161,3,0
12000,3217,4,0
12000,3219,5,0
12000,3177,6,0
12000,2163,7,0
12000,2993,8,0
12000,2449,9,0
12000,2315,10,0
12000,2587,11,0
12000,3405,12,0
12000,3403,13,0
12000,3401,14,0
12000,2137,15,0
12000,3399,16,0
12000,3397,17,0
12000,3395,18,0
12000,3393,19,0
12000,3391,20,0
12000,3389,21,0
12000,3387,22,0
12000,3137,23,0
12000,3172,24,1
12001,3172,1,0
12001,3169,2,0
12001,2614,3,0
12001,3388,4,0
12001,3390,5,0
12001,3392,6,0
12001,3394,7,0
12001,3396,8,0
12001,3398,9,0
12001,3400,10,0
12001,2138,11,0
12001,3402,12,0
12001,3404,13,0
12001,2107,14,0
12001,3406,15,0
12001,3362,16,0
12001,2636,17,0
12001,2992,18,0
12001,2164,19,0
12001,3220,20,0
12001,3218,21,0
12001,2989,22,0
12001,2973,23,0
12001,3173,24,0
12001,3174,25,1
19000,3172,1,0
19000,2235,2,0
19000,2236,3,0
19000,3348,4,0
19000,2907,5,0
19000,2896,6,0
19000,2901,7,0
19000,2902,8,0
19000,3346,9,0
19000,2287,10,0
19000,2533,11,0
19000,2529,12,0
19000,2506,13,0
19000,2521,14,0
19000,2522,15,0
19000,2523,16,0
19000,2525,17,0
19000,2894,18,0
19000,2892,19,0
19000,2890,20,0
19000,2888,21,0
19000,3337,22,0
19000,2886,23,0
19000,2884,24,0
19000,2826,25,0
19000,2237,26,0
19000,2317,27,1
19001,2870,1,0
19001,2238,2,0
19001,2827,3,0
19001,2883,4,0
19001,2885,5,0
19001,3336,6,0
19001,2887,7,0
19001,2889,8,0
19001,2891,9,0
19001,2893,10,0
19001,2526,11,0
19001,2524,12,0
19001,2520,13,0
19001,2505,14,0
19001,2531,15,0
19001,2532,16,0
19001,3345,17,0
19001,2903,18,0
19001,2102,19,0
19001,2897,20,0
19001,2895,21,0
19001,2906,22,0
19001,2876,23,0
19001,2239,24,0
19001,3156,25,0
19001,3172,26,1
1000500,3172,1,0
1000500,3169,2,0
1000500,3143,3,0
1000500,3003,4,0
1000500,2762,5,0
1000500,2761,6,0
1000500,2758,7,0
1000500,2757,8,0
1000500,2268,9,0
1000500,2269,10,0
1000500,3236,11,0
1000500,3152,12,0
1000500,3140,13,0
1000500,3155,14,0
1000500,3150,15,0
1000500,3157,16,0
1000500,3247,17,0
1000500,3226,18,0
1000500,3233,19,0
1000500,2969,20,0
1000500,2634,21,0
1000500,2094,22,0
1000500,2095,23,0
1000500,2096,24,0
1000500,2132,25,0
1000500,2117,26,0
1000500,2119,27,0
1000500,2121,28,0
1000500,2123,29,0
1000500,2125,30,0
1000500,2127,31,0
1000500,2131,32,0
1000500,2218,33,0
1000500,2153,34,0
1000500,3435,35,0
1000500,3033,36,0
1000500,2149,37,0
1000500,2245,38,0
1000500,2434,39,0
1000500,3031,40,0
1000500,2147,41,0
1000500,3030,42,0
1000500,3010,43,0
1000500,2192,44,0
1000500,2194,45,0
1000500,2196,46,0
1000500,2198,47,0
1000500,2200,48,0
1000500,2202,49,0
1000500,2204,50,0
1000500,2206,51,1
1000501,2206,1,0
1000501,2205,2,0
1000501,2203,3,0
1000501,2201,4,0
1000501,2199,5,0
1000501,2197,6,0
1000501,2195,7,0
1000501,2193,8,0
1000501,3329,9,0
1000501,2103,10,0
1000501,2148,11,0
1000501,3032,12,0
1000501,2149,13,0
1000501,2245,14,0
1000501,2435,15,0
1000501,3034,16,0
1000501,3035,17,0
1000501,2152,18,0
1000501,2217,19,0
1000501,2128,20,0
1000501,2130,21,0
1000501,2126,22,0
1000501,2124,23,0
1000501,2122,24,0
1000501,2120,25,0
1000501,2118,26,0
1000501,2116,27,0
1000501,2114,28,0
1000501,2133,29,0
1000501,2097,30,0
1000501,2098,31,0
1000501,2099,32,0
1000501,2100,33,0
1000501,2968,34,0
1000501,3233,35,0
1000501,3223,36,0
1000501,3244,37,0
1000501,2420,38,0
1000501,3170,39,0
1000501,3151,40,0
1000501,3156,41,0
1000501,3224,42,0
1000501,3153,43,0
1000501,3236,44,0
1000501,2850,45,0
1000501,2849,46,0
1000501,2756,47,0
1000501,2759,48,0
1000501,2760,49,0
1000501,2763,50,0
1000501,3142,51,0
1000501,3172,52,1
1001400,3172,1,0
1001400,3333,2,0
1001400,3055,3,0
1001400,2985,4,0
1001400,2633,5,0
1001400,2453,6,0
1001400,3243,7,0
1001400,2549,8,0
1001400,2542,9,0
1001400,2630,10,0
1001400,3118,11,0
1001400,2545,12,0
1001400,2574,13,0
1001400,2571,14,0
1001400,2101,15,0
1001400,2573,16,0
1001400,2544,17,0
1001400,2541,18,0
1001400,2538,19,0
1001400,2671,20,0
1001400,2669,21,0
1001400,2667,22,0
1001400,2665,23,0
1001400,2663,24,0
1001400,2661,25,0
1001400,2659,26,0
1001400,2657,27,0
1001400,2653,28,0
1001400,2651,29,0
1001400,3113,30,0
1001400,3161,31,0
1001400,3193,32,0
1001400,2625,33,0
1001400,2624,34,0
1001400,2344,35,0
1001400,2342,36,0
1001400,2458,37,0
1001400,2457,38,0
1001400,2338,39,0
1001400,2337,40,0
1001400,3138,41,0
1001400,2334,42,0
1001400,2333,43,0
1001400,2331,44,0
1001400,2329,45,0
1001400,2288,46,0
1001400,2327,47,0
1001400,2263,48,0
1001400,2348,49,0
1001400,3408,50,0
1001400,3371,51,0
1001400,3372,52,0
1001400,3373,53,0
1001400,3374,54,0
1001400,3375,55,0
1001400,2860,56,0
1001400,2324,57,0
1001400,2322,58,0
1001400,2255,59,0
1001400,2252,60,0
1001400,2253,61,0
1001400,2321,62,0
1001400,2171,63,0
1001400,2173,64,0
1001400,2175,65,0
1001400,2177,66,0
1001400,2179,67,0
1001400,2181,68,0
1001400,2183,69,0
1001400,2185,70,0
1001400,2187,71,0
1001400,2189,72,1
1001401,2189,1,0
1001401,2188,2,0
1001401,2186,3,0
1001401,2184,4,0
1001401,2180,5,0
1001401,2178,6,0
1001401,2176,7,0
1001401,2174,8,0
1001401,2172,9,0
1001401,2170,10,0
1001401,2168,11,0
1001401,2255,12,0
1001401,2252,13,0
1001401,2253,14,0
1001401,2321,15,0
1001401,2325,16,0
1001401,2214,17,0
1001401,2859,18,0
1001401,2861,19,0
1001401,2467,20,0
1001401,2468,21,0
1001401,2469,22,0
1001401,2471,23,0
1001401,2472,24,0
1001401,2357,25,0
1001401,3049,26,0
1001401,3127,27,0
1001401,2326,28,0
1001401,2328,29,0
1001401,2330,30,0
1001401,2332,31,0
1001401,2335,32,0
1001401,2336,33,0
1001401,2339,34,0
1001401,2340,35,0
1001401,2341,36,0
1001401,2343,37,0
1001401,2345,38,0
1001401,2623,39,0
1001401,3159,40,0
1001401,3160,41,0
1001401,3162,42,0
1001401,3265,43,0
1001401,3113,44,0
1001401,2652,45,0
1001401,2654,46,0
1001401,2656,47,0
1001401,2658,48,0
1001401,2660,49,0
1001401,2662,50,0
1001401,2664,51,0
1001401,2666,52,0
1001401,2668,53,0
1001401,2670,54,0
1001401,2539,55,0
1001401,2540,56,0
1001401,2545,57,0
1001401,2574,58,0
1001401,3119,59,0
1001401,2101,60,0
1001401,2573,61,0
1001401,2547,62,0
1001401,2546,63,0
1001401,2543,64,0
1001401,2548,65,0
1001401,2550,66,0
1001401,2552,67,0
1001401,2632,68,0
1001401,3344,69,0
1001401,2559,70,0
1001401,3053,71,0
1001401,2564,72,0
1001401,3172,73,1
1008101,2516,1,0
1008101,2151,2,0
1008101,2518,3,0
1008101,3323,4,0
1008101,3363,5,0
1008101,3324,6,0
1008101,3325,7,0
1008101,3326,8,0
1008101,3327,9,0
1008101,3328,10,0
1008101,2105,11,0
1008101,3329,12,0
1008101,3330,13,0
1008101,3307,14,0
1008101,3308,15,0
1008101,2249,16,0
1008101,3006,17,0
1008101,3005,18,0
1008101,2443,19,0
1008101,3434,20,0
1008101,2444,21,0
1008101,3198,22,0
1008101,3199,23,0
1008101,3200,24,0
1008101,3201,25,0
1008101,3202,26,0
1008101,3203,27,0
1008101,2509,28,0
1008101,2430,29,0
1008101,2428,30,0
1008101,2426,31,0
1008101,3024,32,0
1008101,2398,33,0
1008101,2456,34,0
1008101,2423,35,0
1008101,3335,36,0
1008101,2641,37,0
1008101,2642,38,0
1008101,2393,39,1
1008601,2442,1,0
1008601,3004,2,0
1008601,3082,3,0
1008601,3081,4,0
1008601,3323,5,0
1008601,3363,6,0
1008601,3324,7,0
1008601,3325,8,0
1008601,3326,9,0
1008601,3327,10,0
1008601,3328,11,0
1008601,2105,12,0
1008601,3329,13,0
1008601,1045,14,0
1008601,2135,15,0
1008601,2160,16,0
1008601,2159,17,0
1008601,2158,18,0
1008601,2157,19,0
1008601,3201,20,0
1008601,3202,21,0
1008601,3203,22,0
1008601,2445,23,0
1008601,2355,24,0
1008601,2446,25,0
1008601,2451,26,0
1008601,2637,27,0
1008601,2498,28,0
1008601,2229,29,1
2008101,3180,1,0
2008101,3178,2,0
2008101,2087,3,0
2008101,2088,4,0
2008101,2089,5,0
2008101,2090,6,0
2008101,2740,7,0
2008101,2738,8,0
2008101,2736,9,0
2008101,2735,10,0
2008101,2732,11,0
2008101,2731,12,0
2008101,3012,13,0
2008101,2728,14,0
2008101,2727,15,0
2008101,2725,16,0
2008101,2724,17,0
2008101,2722,18,0
2008101,2721,19,0
2008101,2251,20,0
2008101,3025,21,0
2008101,3047,22,0
2008101,2423,23,0
2008101,2425,24,0
2008101,2427,25,0
2008101,2429,26,0
2008101,2431,27,0
2008101,2356,28,0
2008101,2507,29,0
2008101,2445,30,0
2008101,2355,31,0
2008101,2446,32,0
2008101,2451,33,0
2008101,2637,34,0
2008101,2498,35,0
2008101,2229,36,0
2008101,2639,37,0
2008101,3024,38,0
2008101,2398,39,0
2008101,2456,40,0
2008101,3335,41,0
2008101,2641,42,0
2008101,2642,43,0
2008101,2393,44,1
2008601,2442,1,0
2008601,3004,2,0
2008601,3082,3,0
2008601,3081,4,0
2008601,3323,5,0
2008601,3363,6,0
2008601,3324,7,0
2008601,3325,8,0
2008601,3326,9,0
2008601,3327,10,0
2008601,3328,11,0
2008601,2105,12,0
2008601,3329,13,0
2008601,1045,14,0
2008601,2135,15,0
2008601,2160,16,0
2008601,2159,17,0
2008601,2158,18,0
2008601,2157,19,0
2008601,3201,20,0
2008601,3202,21,0
2008601,3203,22,0
2008601,2509,23,0
2008601,2430,24,0
2008601,2227,25,0
2008601,2226,26,0
2008601,2224,27,0
2008601,2637,28,0
2008601,2222,29,0
2008601,2221,30,0
2008601,2220,31,0
2008601,2500,32,1
14008101,2393,1,0
14008101,3020,2,0
14008101,2395,3,0
14008101,2397,4,0
14008101,3021,5,0
14008101,3024,6,0
14008101,2398,7,0
14008101,2641,8,0
14008101,2642,9,0
14008101,2264,10,0
14008101,3050,11,0
14008101,2219,12,0
14008101,2501,13,0
14008101,2502,14,0
14008101,2638,15,0
14008101,1030,16,0
14008101,1031,17,0
14008101,1032,18,0
14008101,2459,19,0
14008101,3411,20,0
14008101,1033,21,0
14008101,1034,22,0
14008101,1035,23,0
14008101,1036,24,0
14008101,1037,25,0
14008101,1038,26,0
14008101,2354,27,0
14008101,3433,28,0
14008101,2442,29,0
14008101,3004,30,0
14008101,2643,31,0
14008101,3057,32,0
14008101,3323,33,0
14008101,3363,34,0
14008101,3324,35,0
14008101,3325,36,0
14008101,3326,37,0
14008101,3327,38,0
14008101,3328,39,0
14008101,2105,40,0
14008101,3329,41,0
14008101,3330,42,0
14008101,3307,43,0
14008101,3308,44,0
14008101,3331,45,1
19008101,2393,1,0
19008101,3020,2,0
19008101,2395,3,0
19008101,2397,4,0
19008101,3021,5,0
19008101,3024,6,0
19008101,2398,7,0
19008101,3026,8,0
19008101,2405,9,0
19008101,2404,10,0
19008101,2403,11,0
19008101,2828,12,0
19008101,2402,13,0
19008101,2401,14,0
19008101,2400,15,0
19008101,2713,16,0
19008101,3011,17,0
19008101,2723,18,0
19008101,2726,19,0
19008101,2729,20,0
19008101,2230,21,0
19008101,2730,22,0
19008101,2733,23,0
19008101,2734,24,0
19008101,2737,25,0
19008101,2739,26,0
19008101,2475,27,0
19008101,3013,28,0
19008101,2480,29,0
19008101,2482,30,0
19008101,3179,31,0
19008101,3181,32,0
19008101,3182,33,1
