'1',300,73400,4,'',0,10000,4,'',0,10000,4,'',0,10000,4,'',0,10000,4,'',0,10000,4,'',0,10000,4,'',0,10000,4,'',0,10000,4,'',0,10000,4,'',0,10000,4,'',0,10000,4,'',0,10000,4,'',0,10000,4,'',0,10000,4,'',0,10000,4,'',0,10600,4,'',0
'1',301,73700,,'',0,10000,,'',0,10000,,'',0,10000,,'',0,10000,,'',0,10000,,'',0,10000,,'',0,10000,,'',0,10000,,'',0,10000,,'',0,10000,,'',0,10000,,'',0,10000,,'',0,10000,,'',0,10000,,'',0,10000,,'',0,10300,,'',0
'2',300,83400,4,'',0,10000,4,'',0,10000,4,'',0,10000,4,'',0,10000,4,'',0,10000,4,'',0,10000,4,'',0,10000,4,'',0,10000,4,'',0,10000,4,'',0,10000,4,'',0,10000,4,'',0
'2',301,83700,,'',0,10000,,'',0,10000,,'',0,10000,,'',0,10000,,'',0,10000,,'',0,10000,,'',0,10000,,'',0,10000,,'',0,10000,,'',0,10000,,'',0,10000,,'',0
'3',300,62500,4,'',0,3000,4,'',0,7000,4,'',0,3000,4,'',0,7000,4,'',0,3000,4,'',0,7000,4,'',0,3000,4,'',0,7000,4,'',0,3000,4,'',0,7000,4,'',0,3000,4,'',0,7000,4,'',0,3000,4,'',0,7000,4,'',0,3000,4,'',0,7000,4,'',0,3000,4,'',0,7000,4,'',0,3000,4,'',0,7000,4,'',0,3000,4,'',0,7000,4,'',0,3000,4,'',0,7000,4,'',0,3000,4,'',0,7000,4,'',0,3000,4,'',0,7900,4,'',0,10000,4,'',0,10000,4,'',0,10600,4,'',0
'3',301,55800,,'',0,7000,,'',0,3000,,'',0,7000,,'',0,3000,,'',0,7000,,'',0,3000,,'',0,7000,,'',0,3000,,'',0,7000,,'',0,3000,,'',0,7000,,'',0,3000,,'',0,7000,,'',0,3000,,'',0,7000,,'',0,3000,,'',0,7000,,'',0,3000,,'',0,7000,,'',0,3000,,'',0,7000,,'',0,3000,,'',0,7000,,'',0,3000,,'',0,7000,,'',0,3000,,'',0,7900,,'',0,10000,,'',0,10000,,'',0,10000,,'',0,10300,,'',0
'1',1400,80400,4,'',0,300,,'',0,9700,4,'',0,300,,'',0,9700,4,'',0,300,,'',0,9700,4,'',0,300,,'',0,9700,4,'',0,300,,'',0,9700,4,'',0,300,,'',0,9700,4,'',0,300,,'',0,9700,4,'',0,300,,'',0,9700,4,'',0,300,,'',0,9700,4,'',0,300,,'',0,9700,4,'',0,300,,'',0,9700,4,'',0,300,,'',0,9700,4,'',0,300,,'',0
'1',1401,70700,4,'',0,500,,'',0,9500,4,'',0,500,,'',0,9500,4,'',0,500,,'',0,9500,4,'',0,500,,'',0,9500,4,'',0,500,,'',0,9500,4,'',0,500,,'',0,9500,4,'',0,500,,'',0,9500,4,'',0,500,,'',0,9500,4,'',0,500,,'',0,9500,4,'',0,500,,'',0,9500,4,'',0,500,,'',0,9500,4,'',0,500,,'',0,9500,4,'',0,500,,'',0,9500,4,'',0,500,,'',0
'2',1400,90400,4,'',0,300,,'',0,9700,4,'',0,300,,'',0,9700,4,'',0,300,,'',0,9700,4,'',0,300,,'',0,9700,4,'',0,300,,'',0,9700,4,'',0,300,,'',0,9700,4,'',0,300,,'',0,9700,4,'',0,300,,'',0,9700,4,'',0,300,,'',0,9700,4,'',0,300,,'',0,9700,4,'',0,300,,'',0
'2',1401,80700,4,'',0,500,,'',0,9500,4,'',0,500,,'',0,9500,4,'',0,500,,'',0,9500,4,'',0,500,,'',0,9500,4,'',0,500,,'',0,9500,4,'',0,500,,'',0,9500,4,'',0,500,,'',0,9500,4,'',0,500,,'',0,9500,4,'',0,500,,'',0,9500,4,'',0,500,,'',0,9500,4,'',0,500,,'',0,9500,4,'',0,500,,'',0
'3',1400,64900,4,'',0,300,,'',0,6700,4,'',0,300,,'',0,2700,4,'',0,300,,'',0,6700,4,'',0,300,,'',0,2700,4,'',0,300,,'',0,8200,4,'',0,300,,'',0,9700,4,'',0,300,,'',0,9700,4,'',0,300,,'',0,9700,4,'',0,300,,'',0,9700,4,'',0,300,,'',0,9700,4,'',0,300,,'',0,9700,4,'',0,300,,'',0,10300,4,'',0,7000,4,'',0,3000,4,'',0,7000,4,'',0,3000,4,'',0,6400,4,'',0,300,,'',0,9700,4,'',0,300,,'',0
'3',1401,60700,4,'',0,500,,'',0,2500,4,'',0,500,,'',0,6500,4,'',0,500,,'',0,2500,4,'',0,500,,'',0,6500,4,'',0,500,,'',0,2500,4,'',0,500,,'',0,6500,4,'',0,500,,'',0,9500,4,'',0,500,,'',0,9500,4,'',0,500,,'',0,9500,4,'',0,500,,'',0,9500,4,'',0,500,,'',0,9500,4,'',0,500,,'',0,9500,4,'',0,500,,'',0,9500,4,'',0,500,,'',0,9500,4,'',0,500,,'',0,2500,4,'',0,500,,'',0,6500,4,'',0,500,,'',0,2500,4,'',0,500,,'',0,6500,4,'',0,500,,'',0,9500,4,'',0,500,,'',0
'1',1500,80700,4,'',0,10000,4,'',0,10000,4,'',0,10000,4,'',0,10000,4,'',0,10000,4,'',0,10000,4,'',0,10000,4,'',0,10000,4,'',0,10000,4,'',0,10000,4,'',0,10000,4,'',0,10000,4,'',0
'1',1501,70800,,'',0,10000,,'',0,10000,,'',0,10000,,'',0,10000,,'',0,10000,,'',0,10000,,'',0,10000,,'',0,10000,,'',0,10000,,'',0,10000,,'',0,10000,,'',0,10000,,'',0,10000,,'',0
'2',1500,90700,4,'',0,10000,4,'',0,10000,4,'',0,10000,4,'',0,10000,4,'',0,10000,4,'',0,10000,4,'',0,10000,4,'',0,10000,4,'',0,10000,4,'',0,10000,4,'',0,10000,4,'',0
'2',1501,80800,,'',0,10000,,'',0,10000,,'',0,10000,,'',0,10000,,'',0,10000,,'',0,10000,,'',0,10000,,'',0,10000,,'',0,10000,,'',0,10000,,'',0,10000,,'',0
'3',1500,63700,4,'',0,7000,4,'',0,4100,4,'',0,7000,4,'',0,4000,4,'',0,7000,4,'',0,7900,4,'',0,3000,4,'',0,7000,4,'',0,3000,4,'',0,7000,4,'',0,3000,4,'',0,7000,4,'',0,3000,4,'',0,7000,4,'',0,3000,4,'',0,7000,4,'',0,3000,4,'',0,7000,4,'',0,3700,4,'',0,7000,4,'',0,4300,4,'',0,7000,4,'',0,7600,4,'',0,3400,4,'',0,10000,4,'',0
'3',1501,60800,,'',0,3700,,'',0,7000,,'',0,4000,,'',0,7000,,'',0,8200,,'',0,3000,,'',0,7100,,'',0,3000,,'',0,7000,,'',0,3000,,'',0,7000,,'',0,3000,,'',0,7000,,'',0,3000,,'',0,7000,,'',0,3000,,'',0,7000,,'',0,3000,,'',0,7000,,'',0,4200,,'',0,7000,,'',0,8300,,'',0,3000,,'',0,7600,,'',0,2900,,'',0,10000,,'',0
'3',8300,145500,,'',0
'1',1001400,73400,4,'',0,300,,'',0,9700,4,'',0,300,,'',0,9700,4,'',0,300,,'',0,9700,4,'',0,300,,'',0,9700,4,'',0,300,,'',0,9700,4,'',0,300,,'',0,9700,4,'',0,300,,'',0,9700,4,'',0,300,,'',0,9700,4,'',0,300,,'',0,9700,4,'',0,300,,'',0,9700,4,'',0,300,,'',0,9700,4,'',0,300,,'',0,9700,4,'',0,300,,'',0,9700,4,'',0,300,,'',0,9700,4,'',0,300,,'',0,9700,4,'',0,300,,'',0,16700,0,'Burloak & Rebecca',0
'1',1001401,73700,4,'',0,500,,'',0,9500,4,'',0,500,,'',0,9500,4,'',0,500,,'',0,9500,4,'',0,500,,'',0,9500,4,'',0,500,,'',0,9500,4,'',0,500,,'',0,9500,4,'',0,500,,'',0,9500,4,'',0,500,,'',0,9500,4,'',0,500,,'',0,9500,4,'',0,500,,'',0,9500,4,'',0,500,,'',0,9500,4,'',0,500,,'',0,9500,4,'',0,500,,'',0,9500,4,'',0,500,,'',0,9500,4,'',0,500,,'',0,9500,4,'',0,500,,'',0,9500,4,'',0,300,,'',0
'2',1001400,83400,4,'',0,300,,'',0,9700,4,'',0,300,,'',0,9700,4,'',0,300,,'',0,9700,4,'',0,300,,'',0,9700,4,'',0,300,,'',0,9700,4,'',0,300,,'',0,9700,4,'',0,300,,'',0,9700,4,'',0,300,,'',0,9700,4,'',0,300,,'',0,9700,4,'',0,300,,'',0,9700,4,'',0,300,,'',0,9700,4,'',0,300,,'',0
'2',1001401,83700,4,'',0,500,,'',0,9500,4,'',0,500,,'',0,9500,4,'',0,500,,'',0,9500,4,'',0,500,,'',0,9500,4,'',0,500,,'',0,9500,4,'',0,500,,'',0,9500,4,'',0,500,,'',0,9500,4,'',0,500,,'',0,9500,4,'',0,500,,'',0,9500,4,'',0,500,,'',0,9500,4,'',0,500,,'',0,9500,4,'',0,500,,'',0
'3',1001400,62800,4,'',0,900,,'',0,6700,4,'',0,300,,'',0,2700,4,'',0,300,,'',0,6700,4,'',0,300,,'',0,2700,4,'',0,300,,'',0,6700,4,'',0,300,,'',0,9700,4,'',0,300,,'',0,9700,4,'',0,300,,'',0,9700,4,'',0,300,,'',0,9700,4,'',0,300,,'',0,9700,4,'',0,300,,'',0,9700,4,'',0,300,,'',0,9700,4,'',0,300,,'',0,4800,4,'',0,7000,4,'',0,3000,4,'',0,7000,4,'',0,3000,4,'',0,7900,4,'',0,300,,'',0,9700,4,'',0,300,,'',0,9700,4,'',0,300,,'',0,9700,4,'',0,300,,'',0,16700,0,'Burloak & Rebecca',0
'3',1001401,62200,4,'',0,500,,'',0,2500,4,'',0,500,,'',0,6500,4,'',0,500,,'',0,2500,4,'',0,500,,'',0,6500,4,'',0,500,,'',0,2500,4,'',0,500,,'',0,8000,4,'',0,500,,'',0,9500,4,'',0,500,,'',0,9500,4,'',0,500,,'',0,9500,4,'',0,500,,'',0,9500,4,'',0,500,,'',0,9500,4,'',0,500,,'',0,9500,4,'',0,500,,'',0,9500,4,'',0,500,,'',0,8300,4,'',0,200,,'',0,2800,4,'',0,200,,'',0,6800,4,'',0,200,,'',0,2800,4,'',0,200,,'',0,8000,4,'',0,500,,'',0,9500,4,'',0,500,,'',0,9500,4,'',0,500,,'',0,9500,4,'',0,500,,'',0,9500,4,'',0,300,,'',0
