'1',500,70500,4,'',1,4000,4,'',1,7000,4,'',1,3000,4,'',1,7000,4,'',1,9500,4,'',1,10000,4,'',1,11000,4,'',1,10000,4,'',1,11000,4,'',1,10000,4,'',1,11000,4,'',1,10000,4,'',1,8000,4,'',1,3000,4,'',1,7000,4,'',1,3000,4,'',1,8000,4,'',1,7000,4,'',1,1000,4,'',1,12000,4,'',1,10000,4,'',1
'1',501,60500,,'',1,3000,,'',1,7000,,'',1,4000,,'',1,7000,,'',1,8500,,'',1,11000,,'',1,10000,,'',1,11000,,'',1,10000,,'',1,11000,,'',1,10000,,'',1,8000,,'',1,3000,,'',1,7000,,'',1,3000,,'',1,8000,,'',1,3000,,'',1,7000,,'',1,3000,,'',1,8000,,'',1,10000,,'',1,10000,,'',1,8000,,'',1
'2',500,75000,4,'',1,10000,4,'',1,10000,4,'',1,10000,4,'',1,10000,4,'',1,10000,4,'',1,10000,4,'',1,10000,4,'',1,10000,4,'',1,10000,4,'',1,10000,4,'',1,10000,4,'',1,10000,4,'',1,16800,4,'',1,10000,4,'',1
'2',501,65000,,'',1,10000,,'',1,10000,,'',1,10000,,'',1,10000,,'',1,10000,,'',1,10000,,'',1,10000,,'',1,10000,,'',1,10000,,'',1,10000,,'',1,10000,,'',1,10000,,'',1,17500,,'',1,10000,,'',1,10000,,'',1
'3',500,85000,4,'',1,10000,4,'',1,10000,4,'',1,10000,4,'',1,10000,4,'',1,10000,4,'',1,10000,4,'',1,10000,4,'',1,10000,4,'',1,10000,4,'',1,10000,4,'',1,10000,4,'',1
'3',501,82000,,'',1,10000,,'',1,10000,,'',1,10000,,'',1,10000,,'',1,10000,,'',1,10000,,'',1,10000,,'',1,10000,,'',1,10000,,'',1,10000,,'',1,10000,,'',1
'1',1000500,65000,4,'',1,8000,4,'',1,7000,4,'',1,3000,4,'',1,7000,4,'',1,4000,4,'',1,10000,4,'',1,11000,4,'',1,10000,4,'',1,15000,4,'',1,10000,4,'',1,11000,4,'',1,10000,4,'',1,1500,4,'',1,3000,4,'',1,5500,4,'',1,2500,4,'',1,10000,4,'',1,7000,4,'',1,1500,4,'',1,2500,4,'',1
'1',1000501,62000,,'',1,3000,,'',1,8000,,'',1,7000,,'',1,3000,,'',1,11000,,'',1,10000,,'',1,11000,,'',1,10000,,'',1,15000,,'',1,10000,,'',1,1500,,'',1,3000,,'',1,5500,,'',1,2500,,'',1,10000,,'',1,3000,,'',1,5500,,'',1,2500,,'',1,10000,,'',1
'2',1000500,72000,4,'',1,10000,4,'',1,10000,4,'',1,10000,4,'',1,10000,4,'',1,10000,4,'',1,10000,4,'',1,10000,4,'',1,10000,4,'',1,10000,4,'',1,10000,4,'',1,10000,4,'',1,10000,4,'',1,10000,4,'',1
'2',1000501,72000,,'',1,10000,,'',1,10000,,'',1,10000,,'',1,10000,,'',1,10000,,'',1,10000,,'',1,10000,,'',1,10000,,'',1,10000,,'',1,10000,,'',1,10000,,'',1,10000,,'',1
'3',1000500,82000,4,'',1,10000,4,'',1,10000,4,'',1,10000,4,'',1,10000,4,'',1,10000,4,'',1,10000,4,'',1,10000,4,'',1,10000,4,'',1,10000,4,'',1,10000,4,'',1,10000,4,'',1,10000,4,'',1
'3',1000501,75000,,'',1,10000,,'',1,10000,,'',1,10000,,'',1,10000,,'',1,10000,,'',1,10000,,'',1,10000,,'',1,10000,,'',1,10000,,'',1,10000,,'',1,10000,,'',1
