401,'1',619,,419,19,0,18 19 20,0,25,,1053,19,0,18 19 20,0,62,,2263,19,0,18 19 20,0,26,,2806,19,0,18 19 20,0,20,,779,19,0,18 19 20,0,67,,2802,19,0,18 19 20,0,25,,1621,19,0,18 19 20,0,65,,2811,19,0,18 19 20,0,44,,2251,19,0,18 19 20,0,67,,1170,19,0,18 19 20,0,25,,1498,19,0,18 19 20,0,81,,2808,19,0,18 19 20,0,30,,1568,19,0,18 19 20,0,65,,2810,19,0,18 19 20,0,81,,224,19,0,18 19 20,0,30,,1180,19,0,18 19 20,0,25,,321,19,0,18 19 20,0,81,,315,19,0,18 19 20,0,72,,2803,19,0,18 19 20,0,23,,1356,19,0,18 19 20,0,73,,473,19,0,18 19 20,0,18,,2809,19,0,18 19 20,0,34,,952,19,0,18 19 20,0,64,,2807,19,0,18 19 20,0,36,,192,19,0,18 19 20,0,60,,1265,19,0,18 19 20,0,30,,2804,19,0,18 19 20,0,64,,108,19,0,18 19 20,0,31,,756,19,0,18 19 20,0,103,,2453,19,0,18 19 20,0,77,,479,19,0,18 19 20,0,103,,2801,19,0,18 19 20,0,75,,2805,19,0,18 19 20,0,35,,2800,19,0,18 19 20,0
401,'2',747,,2819,19,0,18 19 20,0,100,,2822,19,0,18 19 20,0,100,,2812,19,0,18 19 20,0,100,,2817,19,0,18 19 20,0,100,,2815,19,0,18 19 20,0,100,,514,19,0,18 19 20,0,100,,2818,19,0,18 19 20,0,100,,2821,19,0,18 19 20,0,100,,1601,19,0,18 19 20,0,100,,2820,19,0,18 19 20,0,100,,2813,19,0,18 19 20,0,100,,2816,19,0,18 19 20,0,100,,522,19,0,18 19 20,0,100,,2823,19,0,18 19 20,0,100,,2824,19,0,18 19 20,0,100,,2814,19,0,18 19 20,0
401,'3',847,,2826,19,0,18 19 20,0,100,,2829,19,0,18 19 20,0,100,,2832,19,0,18 19 20,0,100,,574,19,0,18 19 20,0,100,,2395,19,0,18 19 20,0,100,,2404,19,0,18 19 20,0,100,,2830,19,0,18 19 20,0,100,,2827,19,0,18 19 20,0,100,,1360,19,0,18 19 20,0,100,,2825,19,0,18 19 20,0,100,,2831,19,0,18 19 20,0,100,,2828,19,0,21 20,0
1000,'1',731,,3171,18,,,0,70,,937,18,,,0,30,,3173,18,,,0,70,,3169,18,,,0,30,,678,18,,,0,70,,1187,18,,,0,30,,3170,18,,,0,472,,1740,28,,,0,30,,3172,28,,,0,70,,3168,28,,,0,30,,3174,28,,,0,70,,2343,28,,,0,30,,394,28,,,0,70,,3167,28,,,0
1401,'1',639,,2375,27,,,0,73,,2223,27,,,0,30,,1069,27,,,0,70,,3345,27,,,0,30,,3350,27,,,0,70,,1127,27,,,0,30,,1694,27,,,0,91,,960,27,,,0,100,,3347,27,,,0,100,,2458,27,,,0,100,,3353,27,,,0,100,,3354,27,,,0,100,,3344,27,,,0,112,,3349,27,,,0,100,,2486,27,,,0,70,,940,27,,,0,30,,3358,27,,,0,70,,1838,27,,,0,30,,404,27,,,0,88,,545,27,,,0
1401,'2',734,,3377,27,,,0,100,,3367,27,,,0,100,,3359,27,,,0,100,,3373,27,,,0,100,,3371,27,,,0,100,,3362,27,,,0,100,,3378,27,,,0,100,,3376,27,,,0,100,,3370,27,,,0,100,,3372,27,,,0,100,,1835,27,,,0,100,,3366,27,,,0,100,,3375,27,,,0,100,,3361,27,,,0
1401,'3',834,,3393,27,,,0,100,,3394,27,,,0,100,,820,27,,,0,100,,3382,27,,,0,100,,3387,27,,,0,100,,3385,27,,,0,100,,3396,27,,,0,100,,585,27,,,0,100,,1366,27,,,0,100,,3379,27,,,0,100,,3388,27,,,0,100,,3383,27,,,0
1501,'1',634,,3430,37,,,0,77,,1630,37,,,0,35,,1437,37,,,0,75,,552,37,,,0,32,,2040,37,,,0,78,,3431,37,,,0,72,,780,37,,,0,30,,1781,37,,,0,72,,2270,37,,,0,32,,2481,37,,,0,72,,2074,37,,,0,32,,1191,37,,,0,72,,1854,37,,,0,32,,2207,37,,,0,69,,3428,37,,,0,35,,2449,37,,,0,72,,432,37,,,0,32,,1421,37,,,0,79,,200,37,,,0,75,,204,37,,,0,35,,1623,37,,,0,75,,3429,37,,,0,85,,1136,37,,,0,32,,410,37,,,0,70,,3432,37,,,0,102,,770,37,,,0
1501,'2',734,,3441,37,,,0,100,,3438,37,,,0,100,,3443,37,,,0,100,,3436,37,,,0,100,,3437,37,,,0,100,,3434,37,,,0,100,,3440,37,,,0,100,,3444,37,,,0,100,,3439,37,,,0,100,,3442,37,,,0,100,,881,37,,,0,100,,851,37,,,0,100,,3435,37,,,0,100,,3433,37,,,0
1501,'3',834,,3450,37,,,0,100,,3449,37,,,0,100,,3451,37,,,0,100,,3447,37,,,0,100,,3452,37,,,0,100,,3446,37,,,0,100,,3445,37,,,0,100,,3453,37,,,0,100,,13,37,,,0,100,,1641,37,,,0,100,,3448,37,,,0,100,,146,37,,,0
1800,'1',633,,3457,24,,,0,70,,70,24,,,0,30,,3470,24,,,0,70,,2213,24,,,0,30,,3456,24,,,0,70,,3466,24,,,0,30,,1006,24,,,0,70,,685,24,,,0,30,,3464,24,,,0,70,,723,24,,,0,30,,3454,24,,,0,70,,2122,24,,,0,30,,3465,24,,,0,70,,924,24,,,0,30,,90,24,,,0,70,,3460,24,,,0,30,,3459,24,,,0,70,,1105,24,,,0,30,,3461,24,,,0,70,,3455,24,,,0,30,,1509,24,,,0,70,,3468,24,,,0,30,,3467,24,,,0,70,,109,24,,,0,30,,3458,24,,,0,70,,3469,24,,,0,30,,3463,24,,,0,70,,3462,24,,,0,30,,1260,24,,,0,100,,403,24,,,0
1800,'2',733,,3471,24,,,0,100,,3472,24,,,0,100,,3477,24,,,0,100,,3480,24,,,0,100,,3475,24,,,0,100,,3478,24,,,0,100,,3473,24,,,0,100,,3482,24,,,0,100,,3483,24,,,0,100,,3476,24,,,0,100,,3474,24,,,0,100,,3479,24,,,0,100,,3481,24,,,0
1800,'3',833,,3492,24,,,0,100,,3491,24,,,0,100,,3490,24,,,0,100,,3488,24,,,0,100,,3493,24,,,0,100,,3489,24,,,0,100,,3484,24,,,0,100,,19,24,,,0,100,,3485,24,,,0,100,,1642,24,,,0,100,,3487,24,,,0,100,,3486,24,,,0
2800,'1',633,,2476,37,,,0,70,,430,37,,,0,30,,2020,37,,,0,70,,2474,37,,,0,30,,3655,37,,,0,70,,3664,37,,,0,30,,531,37,,,0,70,,3663,37,,,0,30,,3665,37,,,0,70,,1626,37,,,0,30,,3656,37,,,0,70,,3654,37,,,0,30,,3658,37,,,0,70,,1741,37,,,0,30,,3666,37,,,0,70,,3669,37,,,0,30,,3659,37,,,0,70,,3657,37,,,0,30,,3661,37,,,0,70,,3662,37,,,0,30,,752,37,,,0,70,,718,37,,,0,30,,3653,37,,,0,70,,3667,37,,,0,30,,2247,37,,,0,70,,2021,37,,,0,30,,3660,37,,,0,70,,3651,37,,,0,100,,3652,37,,,0,132,,3668,37,,,0
2800,'2',703,,3679,34,,,0,100,,3678,37,,,0,100,,3676,37,,,0,100,,885,37,,,0,100,,3682,37,,,0,100,,3680,37,,,0,100,,3673,37,,,0,100,,3674,37,,,0,100,,3670,37,,,0,100,,3675,37,,,0,100,,3671,37,,,0,100,,3672,37,,,0,100,,3681,37,,,0,100,,3677,37,,,0
2800,'3',803,,3683,34,,,0,100,,3684,37,,,0,100,,3687,37,,,0,100,,3685,37,,,0,100,,3690,37,,,0,100,,3692,37,,,0,100,,3693,37,,,0,100,,1816,37,,,0,100,,502,37,,,0,100,,3688,37,,,0,100,,3691,37,,,0,100,,3689,37,,,0,100,,3686,37,,,0
8301,'1',1508,,2240,24,,,0
1001401,'1',604,,3898,12,0,23 21 20,0,52,,3920,27,0,23 21 20,0,73,,1189,27,0,23 21 20,0,30,,1586,27,0,23 21 20,0,70,,3912,27,0,23 21 20,0,30,,2461,27,0,23 21 20,0,68,,3900,27,0,23 21 20,0,74,,721,27,0,23 21 20,0,100,,681,27,0,23 21 20,0,100,,3908,27,0,23 21 20,0,100,,2267,27,0,23 21 20,0,100,,3902,27,0,23 21 20,0,100,,3899,27,0,23 21 20,0,113,,3919,27,0,23 21 20,0,100,,1801,27,0,23 21 20,0,45,,462,27,0,23 21 20,0,70,,476,27,0,23 21 20,0,30,,1925,27,0,23 21 20,0,70,,469,27,0,23 21 20,0,72,,3901,27,0,23 21 20,0,100,,3913,27,0,23 21 20,0,100,,3914,27,0,23 21 20,0,100,,3918,27,0,23 21 20,0,99,,3905,27,0,23 21 20,0
1001401,'2',704,,310,12,0,23 21 20,0,100,,1774,27,0,23 21 20,0,100,,3936,27,0,23 21 20,0,100,,3946,27,0,23 21 20,0,100,,3925,27,0,23 21 20,0,100,,3934,27,0,23 21 20,0,100,,3944,27,0,23 21 20,0,100,,3922,27,0,23 21 20,0,100,,3942,27,0,23 21 20,0,100,,3945,27,0,23 21 20,0,100,,3927,27,0,23 21 20,0,100,,2144,27,0,23 21 20,0,100,,3921,27,0,23 21 20,0,100,,3923,27,0,23 21 20,0,100,,2437,27,0,23 21 20,0,100,,3931,27,0,23 21 20,0,100,,3926,27,0,23 21 20,0,53,,3937,27,0,23 21 20,0
1001401,'3',804,,2051,12,0,23 21 20,0,100,,3959,27,0,23 21 20,0,100,,792,27,0,23 21 20,0,100,,3947,27,0,23 21 20,0,100,,3961,27,0,23 21 20,0,100,,3956,27,0,23 21 20,0,100,,599,27,0,23 21 20,0,100,,3949,27,0,23 21 20,0,100,,3951,27,0,23 21 20,0,100,,3952,27,0,23 21 20,0,100,,3948,27,0,23 21 20,0,100,,2056,27,0,23 21 20,0,100,,3958,27,0,23 21 20,0
