400,'1',841,,4230,26,0,53 45 20,1,100,,4235,26,0,53 45 20,1,100,,4229,26,0,53 45 20,1,100,,4228,26,0,53 45 20,1,100,,4233,26,0,53 45 20,1,100,,4231,26,0,53 45 20,1,100,,2758,26,0,53 45 20,1,100,,4232,26,0,53 45 20,1,100,,4226,26,0,53 45 20,1,100,,4234,26,0,53 45 20,1,100,,4236,26,0,53 45 20,1,100,,4227,26,0,53 45 20,1
400,'2',741,,4243,26,0,53 45 20,1,100,,4241,26,0,53 45 20,1,100,,3041,26,0,53 45 20,1,100,,3608,26,0,53 45 20,1,100,,3607,26,0,53 45 20,1,100,,4245,26,0,53 45 20,1,100,,3634,26,0,53 45 20,1,100,,4246,26,0,53 45 20,1,100,,2917,26,0,53 45 20,1,100,,3150,26,0,53 45 20,1,100,,4242,26,0,53 45 20,1,100,,4240,26,0,53 45 20,1,100,,4247,26,0,53 45 20,1,100,,4238,26,0,53 45 20,1,100,,4244,26,0,53 45 20,1,100,,4237,26,0,53 45 20,1
400,'3',643,,4249,26,0,53 45 20,1,74,,4259,26,0,53 45 20,1,27,,4250,26,0,53 45 20,1,59,,2449,26,0,53 45 20,1,31,,1055,26,0,53 45 20,1,20,,4248,26,0,53 45 20,1,64,,2358,26,0,53 45 20,1,26,,1903,26,0,53 45 20,1,65,,937,26,0,53 45 20,1,44,,4253,26,0,53 45 20,1,67,,4257,26,0,53 45 20,1,25,,196,26,0,53 45 20,1,81,,2517,26,0,53 45 20,1,30,,1743,26,0,53 45 20,1,65,,2267,26,0,53 45 20,1,81,,2495,26,0,53 45 20,1,30,,4251,26,0,53 45 20,1,25,,713,26,0,53 45 20,1,86,,4258,26,0,53 45 20,1,75,,4256,26,0,53 45 20,1,23,,3622,26,0,53 45 20,1,73,,4254,26,0,53 45 20,1,20,,3354,26,0,53 45 20,1,75,,1186,26,0,53 45 20,1,21,,4252,26,0,53 45 20,1,77,,132,26,0,53 45 20,1,19,,130,26,0,53 45 20,1,25,,1145,26,0,53 45 20,1,64,,344,26,0,53 45 20,1,28,,778,26,0,53 45 20,1,103,,3657,26,0,53 45 20,1,81,,4260,26,0,53 45 20,1,99,,4255,26,0,53 45 20,1,75,,3466,26,0,53 45 20,1
1001,'3',640,,4652,2,,,1,70,,4659,2,,,1,30,,3181,2,,,1,70,,4657,2,,,1,30,,4653,2,,,1,70,,1846,2,,,1,30,,1927,2,,,1,475,,4654,2,,,1,30,,2075,2,,,1,70,,1928,2,,,1,30,,4658,2,,,1,70,,743,2,,,1,30,,4656,2,,,1,70,,4655,2,,,1
1400,'1',840,,3341,2,,,1,100,,2642,2,,,1,100,,4769,2,,,1,100,,4766,2,,,1,100,,4773,2,,,1,100,,4765,2,,,1,100,,3288,2,,,1,100,,1756,2,,,1,100,,4772,2,,,1,100,,4768,2,,,1,100,,4770,2,,,1
1400,'2',740,,4784,2,,,1,100,,4783,2,,,1,100,,4798,2,,,1,100,,4788,2,,,1,100,,4791,2,,,1,100,,4790,2,,,1,100,,4799,2,,,1,100,,4781,2,,,1,100,,4796,2,,,1,100,,4786,2,,,1,100,,3922,2,,,1,100,,2895,2,,,1,100,,4785,2,,,1
1400,'3',625,,1421,2,,,1,30,,2363,2,,,1,70,,2173,2,,,1,30,,3910,2,,,1,70,,4808,2,,,1,85,,2498,2,,,1,100,,2579,2,,,1,100,,1105,2,,,1,100,,116,2,,,1,100,,1289,2,,,1,100,,4812,2,,,1,100,,4802,2,,,1,106,,4813,2,,,1,30,,1213,2,,,1,70,,2106,2,,,1,30,,4809,2,,,1,70,,4801,2,,,1,24,,3780,2,,,1,100,,4804,2,,,1
1500,'1',840,,4869,2,,,1,100,,4870,2,,,1,100,,4876,2,,,1,100,,3553,2,,,1,100,,4875,2,,,1,100,,4877,2,,,1,100,,4868,2,,,1,100,,4874,2,,,1,100,,4872,2,,,1,100,,4873,2,,,1,100,,3647,2,,,1,100,,4871,2,,,1
1500,'2',740,,4883,2,,,1,100,,4881,2,,,1,100,,4885,2,,,1,100,,3795,2,,,1,100,,2618,2,,,1,100,,4882,2,,,1,100,,1041,2,,,1,100,,4884,2,,,1,100,,4886,2,,,1,100,,1558,2,,,1,100,,4879,2,,,1,100,,4880,2,,,1,100,,4878,2,,,1
1500,'3',610,,3104,2,,,1,35,,1207,2,,,1,75,,998,2,,,1,32,,4893,2,,,1,78,,2871,2,,,1,75,,1184,2,,,1,32,,4892,2,,,1,72,,4889,2,,,1,32,,4894,2,,,1,72,,3653,2,,,1,32,,4887,2,,,1,72,,1124,2,,,1,32,,764,2,,,1,69,,3011,2,,,1,35,,260,2,,,1,66,,4895,2,,,1,38,,1151,2,,,1,73,,4890,2,,,1,75,,4891,2,,,1,35,,2233,2,,,1,75,,1512,2,,,1,85,,4888,2,,,1,30,,1859,2,,,1,75,,2840,2,,,1,105,,2365,2,,,1
1801,'1',810,,4960,2,,,1,100,,4957,2,,,1,100,,4956,2,,,1,100,,4958,2,,,1,100,,4961,2,,,1,100,,3138,2,,,1,100,,1759,2,,,1,100,,4963,2,,,1,100,,2656,2,,,1,100,,4962,2,,,1,100,,1467,2,,,1,100,,4959,2,,,1
1801,'2',710,,3715,2,,,1,100,,4969,2,,,1,100,,3443,2,,,1,100,,4972,2,,,1,100,,4965,2,,,1,100,,1713,2,,,1,100,,4964,2,,,1,100,,4967,2,,,1,100,,4968,2,,,1,100,,4970,2,,,1,100,,4966,2,,,1,100,,4971,2,,,1,100,,3763,2,,,1
1801,'3',610,,4981,2,,,1,30,,3848,2,,,1,70,,4973,2,,,1,30,,4985,2,,,1,70,,3008,2,,,1,30,,1665,2,,,1,70,,2503,2,,,1,30,,3346,2,,,1,70,,3264,2,,,1,30,,4986,2,,,1,70,,4978,2,,,1,30,,1050,2,,,1,70,,1283,2,,,1,30,,4983,2,,,1,70,,1800,2,,,1,30,,4984,2,,,1,70,,1630,2,,,1,30,,4979,2,,,1,70,,4977,2,,,1,30,,4974,2,,,1,76,,3729,2,,,1,30,,4980,2,,,1,70,,4976,2,,,1,30,,917,2,,,1,70,,1799,2,,,1,24,,3191,2,,,1,70,,775,2,,,1,100,,4975,2,,,1,100,,4982,2,,,1
2801,'1',840,,3335,2,,,1,100,,5164,2,,,1,100,,5160,2,,,1,100,,5162,2,,,1,100,,5158,2,,,1,100,,5163,2,,,1,100,,5161,2,,,1,100,,1466,2,,,1,100,,5159,2,,,1,100,,5165,2,,,1,100,,2572,2,,,1,100,,5167,2,,,1
2801,'2',640,,5172,2,,,1,100,,5175,2,,,1,100,,5176,2,,,1,100,,5178,2,,,1,100,,2698,2,,,1,100,,5173,2,,,1,100,,5170,2,,,1,100,,5168,2,,,1,100,,5169,2,,,1,100,,5171,2,,,1,100,,3874,2,,,1,100,,5174,2,,,1,100,,1474,2,,,1,100,,5177,2,,,1
2801,'3',610,,5181,2,,,1,30,,3193,2,,,1,70,,5180,2,,,1,30,,5187,2,,,1,70,,5182,2,,,1,30,,988,2,,,1,70,,5186,2,,,1,30,,3920,2,,,1,70,,1342,2,,,1,30,,1116,2,,,1,70,,981,2,,,1,30,,3900,2,,,1,70,,3140,2,,,1,30,,5179,2,,,1,70,,2719,2,,,1,30,,5192,2,,,1,70,,1418,2,,,1,30,,1838,2,,,1,70,,5183,2,,,1,30,,5191,2,,,1,76,,419,2,,,1,30,,5185,2,,,1,70,,5188,2,,,1,30,,1330,2,,,1,70,,3733,2,,,1,24,,5184,2,,,1,70,,3836,2,,,1,30,,2376,2,,,1,100,,5189,2,,,1,100,,5190,2,,,1
1001400,'1',810,,5293,2,0,23 24 20,1,100,,5296,2,0,23 24 20,1,100,,5288,2,0,23 24 20,1,100,,5286,2,0,23 24 20,1,100,,3893,2,0,23 24 20,1,100,,5285,2,0,23 24 20,1,100,,5287,2,0,23 24 20,1,100,,5298,2,0,23 24 20,1,100,,1370,2,0,23 24 20,1,100,,5292,2,0,23 24 20,1,100,,5291,2,0,23 24 20,1,100,,3894,2,0,23 24 20,1
1001400,'2',710,,5324,2,0,23 24 20,1,100,,2616,2,0,23 24 20,1,100,,524,2,0,23 24 20,1,100,,3511,2,0,23 24 20,1,100,,2783,2,0,23 24 20,1,100,,5321,2,0,23 24 20,1,100,,5318,2,0,23 24 20,1,100,,2819,2,0,23 24 20,1,100,,5320,2,0,23 24 20,1,100,,5311,2,0,23 24 20,1,100,,3415,2,0,23 24 20,1,100,,5309,2,0,23 24 20,1,100,,5316,2,0,23 24 20,1,100,,5305,2,0,23 24 20,1,100,,5323,2,0,23 24 20,1,100,,5315,2,0,23 24 20,1,130,,5322,2,0,25 3 26,1
1001400,'3',605,,2374,2,0,23 24 20,1,35,,254,2,0,23 24 20,1,70,,5327,2,0,23 24 20,1,30,,5338,2,0,23 24 20,1,70,,3174,2,0,23 24 20,1,30,,693,2,0,23 24 20,1,100,,5342,2,0,23 24 20,1,100,,5336,2,0,23 24 20,1,100,,5326,2,0,23 24 20,1,100,,5341,2,0,23 24 20,1,100,,5345,2,0,23 24 20,1,100,,5346,2,0,23 24 20,1,100,,2243,2,0,23 24 20,1,91,,5334,2,0,23 24 20,1,70,,2505,2,0,23 24 20,1,30,,5340,2,0,23 24 20,1,70,,2162,2,0,23 24 20,1,30,,5325,2,0,23 24 20,1,79,,3654,2,0,23 24 20,1,100,,1905,2,0,23 24 20,1,100,,2999,2,0,23 24 20,1,100,,747,2,0,23 24 20,1,130,,3823,2,0,25 3 26,1
