401,'1',851,,2827,20,0,52 19 20,1,100,,4266,20,0,52 19 20,1,100,,4270,20,0,52 19 20,1,100,,4262,20,0,52 19 20,1,100,,4263,20,0,52 19 20,1,100,,4268,20,0,52 19 20,1,100,,4267,20,0,52 19 20,1,100,,4264,20,0,52 19 20,1,100,,1812,20,0,52 19 20,1,100,,4261,20,0,52 19 20,1,100,,4269,20,0,52 19 20,1,99,,4265,20,0,21 20,1
401,'2',751,,4272,20,0,52 19 20,1,100,,4278,20,0,52 19 20,1,100,,4281,20,0,52 19 20,1,100,,4276,20,0,52 19 20,1,100,,4275,20,0,52 19 20,1,100,,4277,20,0,52 19 20,1,100,,3152,20,0,52 19 20,1,100,,2919,20,0,52 19 20,1,100,,4274,20,0,52 19 20,1,100,,2820,20,0,52 19 20,1,100,,4273,20,0,52 19 20,1,100,,3936,20,0,52 19 20,1,100,,4280,20,0,52 19 20,1,100,,4279,20,0,52 19 20,1,100,,3324,20,0,52 19 20,1,100,,854,20,0,52 19 20,1
401,'3',623,,2971,20,0,52 19 20,1,25,,1261,20,0,52 19 20,1,62,,4282,20,0,52 19 20,1,25,,2717,20,0,52 19 20,1,23,,4285,20,0,52 19 20,1,65,,1322,20,0,52 19 20,1,25,,3596,20,0,52 19 20,1,65,,3147,20,0,52 19 20,1,44,,1981,20,0,52 19 20,1,67,,2801,20,0,52 19 20,1,25,,1616,20,0,52 19 20,1,81,,4292,20,0,52 19 20,1,70,,4291,20,0,52 19 20,1,25,,222,20,0,52 19 20,1,81,,3825,20,0,52 19 20,1,30,,4287,20,0,52 19 20,1,65,,1122,20,0,52 19 20,1,41,,4286,20,0,52 19 20,1,73,,4290,20,0,52 19 20,1,23,,463,20,0,52 19 20,1,73,,4288,20,0,52 19 20,1,18,,1908,20,0,52 19 20,1,74,,4289,20,0,52 19 20,1,24,,2729,20,0,52 19 20,1,76,,4294,20,0,52 19 20,1,20,,3819,20,0,52 19 20,1,30,,3740,20,0,52 19 20,1,64,,1964,20,0,52 19 20,1,30,,84,20,0,52 19 20,1,103,,4284,20,0,52 19 20,1,80,,4293,20,0,52 19 20,1,100,,1359,20,0,52 19 20,1,75,,1624,20,0,52 19 20,1,35,,4283,20,0,52 19 20,1
1000,'3',734,,2872,19,,,1,70,,4649,19,,,1,30,,3751,19,,,1,70,,4647,19,,,1,30,,3840,19,,,1,70,,4651,19,,,1,30,,2528,19,,,1,472,,968,29,,,1,30,,1775,29,,,1,70,,703,29,,,1,30,,2527,29,,,1,70,,3455,29,,,1,30,,4650,29,,,1,70,,4648,29,,,1
1401,'1',837,,4825,28,,,1,100,,4826,28,,,1,100,,2828,28,,,1,100,,4816,28,,,1,100,,4820,28,,,1,100,,4818,28,,,1,100,,4827,28,,,1,100,,4821,28,,,1,100,,4814,28,,,1,100,,3379,28,,,1,100,,4822,28,,,1,100,,2757,28,,,1
1401,'2',737,,190,28,,,1,100,,4838,28,,,1,100,,4831,28,,,1,100,,4842,28,,,1,100,,3045,28,,,1,100,,3633,28,,,1,100,,2638,28,,,1,100,,2924,28,,,1,100,,48,28,,,1,100,,4841,28,,,1,100,,4840,28,,,1,100,,4837,28,,,1,100,,4845,28,,,1,100,,4833,28,,,1
1401,'3',642,,4864,28,,,1,73,,4847,28,,,1,30,,3779,28,,,1,70,,4849,28,,,1,30,,782,28,,,1,70,,3541,28,,,1,30,,4848,28,,,1,91,,4851,28,,,1,100,,4853,28,,,1,100,,3407,28,,,1,100,,4860,28,,,1,100,,3261,28,,,1,100,,4857,28,,,1,112,,4863,28,,,1,100,,1535,28,,,1,70,,4859,28,,,1,30,,1811,28,,,1,70,,4850,28,,,1,30,,4867,28,,,1,88,,3462,28,,,1
1501,'1',836,,3450,38,,,1,100,,3449,38,,,1,100,,4901,38,,,1,100,,3954,38,,,1,100,,2959,38,,,1,100,,3279,38,,,1,100,,4896,38,,,1,100,,4902,38,,,1,100,,4899,38,,,1,100,,4897,38,,,1,100,,4898,38,,,1,100,,4900,38,,,1
1501,'2',736,,4912,38,,,1,100,,4908,38,,,1,100,,4914,38,,,1,100,,4906,38,,,1,100,,4907,38,,,1,100,,4903,38,,,1,100,,4911,38,,,1,100,,4915,38,,,1,100,,4910,38,,,1,100,,4913,38,,,1,100,,4909,38,,,1,100,,4904,38,,,1,100,,4905,38,,,1,100,,3946,38,,,1
1501,'3',636,,1854,38,,,1,77,,966,38,,,1,35,,2520,38,,,1,75,,3909,38,,,1,32,,2453,38,,,1,78,,4919,38,,,1,72,,1117,38,,,1,30,,3598,38,,,1,72,,3784,38,,,1,32,,337,38,,,1,72,,4916,38,,,1,32,,203,38,,,1,72,,4920,38,,,1,32,,2462,38,,,1,69,,2671,38,,,1,35,,2581,38,,,1,72,,4918,38,,,1,32,,2353,38,,,1,79,,1959,38,,,1,75,,2838,38,,,1,35,,3822,38,,,1,75,,4917,38,,,1,85,,2027,38,,,1,32,,1841,38,,,1,70,,1340,38,,,1,102,,1346,38,,,1
1800,'1',836,,4928,25,,,1,100,,3645,25,,,1,100,,2570,25,,,1,100,,2131,25,,,1,100,,4929,25,,,1,100,,4927,25,,,1,100,,4921,25,,,1,100,,4926,25,,,1,100,,4923,25,,,1,100,,4922,25,,,1,100,,4925,25,,,1,100,,4924,25,,,1
1800,'2',736,,4930,25,,,1,100,,4931,25,,,1,100,,2897,25,,,1,100,,4937,25,,,1,100,,872,25,,,1,100,,4936,25,,,1,100,,4932,25,,,1,100,,3125,25,,,1,100,,4939,25,,,1,100,,4934,25,,,1,100,,4933,25,,,1,100,,4935,25,,,1,100,,4938,25,,,1
1800,'3',636,,4947,25,,,1,70,,4950,25,,,1,30,,3343,25,,,1,70,,4944,25,,,1,30,,779,25,,,1,70,,4954,25,,,1,30,,4942,25,,,1,70,,228,25,,,1,30,,2864,25,,,1,70,,3535,25,,,1,30,,4955,25,,,1,70,,4951,25,,,1,30,,4940,25,,,1,70,,4945,25,,,1,30,,3290,25,,,1,70,,931,25,,,1,30,,4949,25,,,1,70,,2207,25,,,1,30,,3623,25,,,1,70,,2714,25,,,1,30,,1426,25,,,1,70,,4943,25,,,1,30,,4946,25,,,1,70,,4948,25,,,1,30,,2502,25,,,1,70,,122,25,,,1,30,,4952,25,,,1,70,,4953,25,,,1,30,,4941,25,,,1,100,,1137,25,,,1
2800,'1',806,,5126,35,,,1,100,,5127,38,,,1,100,,5131,38,,,1,100,,5129,38,,,1,100,,5134,38,,,1,100,,5136,38,,,1,100,,3896,38,,,1,100,,5128,38,,,1,100,,5135,38,,,1,100,,5132,38,,,1,100,,3691,38,,,1,100,,5133,38,,,1,100,,5130,38,,,1
2800,'2',706,,5145,35,,,1,100,,5143,38,,,1,100,,5142,38,,,1,100,,5144,38,,,1,100,,3126,38,,,1,100,,3276,38,,,1,100,,5139,38,,,1,100,,5140,38,,,1,100,,2881,38,,,1,100,,5141,38,,,1,100,,5137,38,,,1,100,,5138,38,,,1,100,,5146,38,,,1,100,,2817,38,,,1
2800,'3',636,,493,38,,,1,70,,3777,38,,,1,30,,2020,38,,,1,70,,2120,38,,,1,30,,3841,38,,,1,70,,5157,38,,,1,30,,5151,38,,,1,70,,5156,38,,,1,30,,5150,38,,,1,70,,2514,38,,,1,30,,5152,38,,,1,70,,1285,38,,,1,30,,2602,38,,,1,70,,5149,38,,,1,30,,1586,38,,,1,70,,5148,38,,,1,30,,3199,38,,,1,70,,1748,38,,,1,30,,5153,38,,,1,70,,5154,38,,,1,30,,1434,38,,,1,70,,1731,38,,,1,30,,5147,38,,,1,70,,1524,38,,,1,30,,258,38,,,1,70,,2448,38,,,1,30,,3145,38,,,1,70,,3265,38,,,1,100,,3402,38,,,1,131,,5155,38,,,1
1001401,'1',807,,3086,13,0,23 21 20,1,100,,3339,28,0,23 21 20,1,100,,792,28,0,23 21 20,1,100,,3947,28,0,23 21 20,1,100,,5362,28,0,23 21 20,1,100,,5355,28,0,23 21 20,1,100,,5361,28,0,23 21 20,1,100,,5348,28,0,23 21 20,1,100,,5351,28,0,23 21 20,1,100,,5349,28,0,23 21 20,1,100,,3948,28,0,23 21 20,1,100,,5360,28,0,23 21 20,1,100,,5358,28,0,23 21 20,1
1001401,'2',707,,5387,13,0,23 21 20,1,100,,5388,28,0,23 21 20,1,100,,1833,28,0,23 21 20,1,100,,2925,28,0,23 21 20,1,100,,5368,28,0,23 21 20,1,100,,3473,28,0,23 21 20,1,100,,5386,28,0,23 21 20,1,100,,1384,28,0,23 21 20,1,100,,5384,28,0,23 21 20,1,100,,5380,28,0,23 21 20,1,100,,2737,28,0,23 21 20,1,100,,5383,28,0,23 21 20,1,100,,5365,28,0,23 21 20,1,100,,1236,28,0,23 21 20,1,100,,5382,28,0,23 21 20,1,100,,5373,28,0,23 21 20,1,100,,5369,28,0,23 21 20,1,52,,5375,28,0,23 21 20,1
1001401,'3',607,,2715,13,0,23 21 20,1,52,,2986,28,0,23 21 20,1,73,,5389,28,0,23 21 20,1,70,,124,28,0,23 21 20,1,30,,2109,28,0,23 21 20,1,70,,708,28,0,23 21 20,1,28,,1420,28,0,23 21 20,1,74,,5391,28,0,23 21 20,1,100,,1047,28,0,23 21 20,1,100,,5407,28,0,23 21 20,1,100,,5401,28,0,23 21 20,1,100,,5409,28,0,23 21 20,1,100,,2102,28,0,23 21 20,1,113,,2343,28,0,23 21 20,1,100,,58,28,0,23 21 20,1,85,,2597,28,0,23 21 20,1,30,,5394,28,0,23 21 20,1,70,,5395,28,0,23 21 20,1,30,,5399,28,0,23 21 20,1,72,,1962,28,0,23 21 20,1,100,,5396,28,0,23 21 20,1,100,,2575,28,0,23 21 20,1,100,,5405,28,0,23 21 20,1,99,,5393,28,0,23 21 20,1
