1,100,'1',3968,3969,3970,3971,3972,3720,3973,3974,3975,13,3088,275,3976,3690,3977,3978,3979,2569,3980,1821,3981,3982,1703,3983,3984
1,100,'2',3985,3986,3987,3858,3988,3311,3989,3990,3991,3992,3993,2885,3994,3995,622,2893,3996,3997,3998,3999,4000,4001,881,4002,2632,4003,4004,2553,4005,3714,4006
1,100,'3',3741,4007,1408,4008,2770,4009,4010,315,4011,1668,3175,690,1326,4012,1415,4013,3735,3207,3251,1847,468,4014,4015,3832,472,4016,3107,3621,710,1162,3845,3404,4017,4018,3736,4019,718,3913,4020,4021,4022,2983,4023,4024,4025,1217,4026,4027,4028,4029,4030,2606,4031,3732,2035,1741,1804,420,4032,4033,1202,4034,3572,120,771,4035,1000,4036,4037,427,1070,3739,4038,3667,4039,784,2677,4040
1,101,'1',4041,4042,4043,4044,4045,3485,4046,3642,4047,4048,4049,4050,4051,4052,3286,2652,4053,4054,4055,4056,1377,4057,4058,4059,4060
1,101,'2',4061,3921,4062,4063,3546,4064,4065,4066,3707,2542,4067,4068,4069,4070,4071,4072,4073,4074,4075,4076,4077,4078,4079,1401,4080,4081,4082,4083,4084,4085,4086
1,101,'3',4087,677,2768,4088,4089,4090,2835,1667,2577,1103,2347,2972,4091,3459,1503,702,4092,4093,4094,3566,4095,2084,543,3431,4096,720,4097,3141,3256,4098,4099,4100,3782,2598,4101,2599,2989,3497,3295,1517,4102,4103,4104,4105,4106,2601,4107,4108,3198,4109,1629,4110,4111,1187,993,3262,4112,252,4113,4114,4115,4116,1525,3355,773,4117,1924,4118,3005,2609,126,1357,4119,4120,4121,4122,4123,1205
3,300,'1',4124,4125,4126,4127,4128,4129,4130,4131,4132,3163,4133,4134
3,300,'2',4135,2680,3308,4136,4137,4138,4139,4140,4141,4142,4143,4144,1038,4145,3604,4146,4147,4148,3040,3274,4149,2697,4150,4151,4152,3442,4153,4154,4155,4156
3,300,'3',4157,193,4158,3400,4159,4160,4161,4162,4163,3177,3844,3620,4164,1912,4165,3254,544,719,3351,955,3178,3917,4166,3258,4167,992,4168,2870,556,2119,3502,2375,4169,4170,4171,4172,265,4173,4174,2734
3,301,'1',4175,4176,4177,4178,4179,4180,4181,4182,1087,4183,4184,4185
3,301,'2',2537,4186,4187,4188,4189,1480,4190,4191,4192,4193,4194,43,2816,4195,4196,4197,4198,4199,3373,1955,4200,4201,2700,4202,2792,4203,4204,4205,1100,4206
3,301,'3',4207,4208,1324,3105,314,202,3458,3742,4209,927,4210,3529,4211,3252,704,3209,3186,2213,224,4212,4213,4214,4215,4216,2858,962,4217,4218,4219,3814,4220,3302,4221,4222,4223,1866,2526,3666,4224,4225
4,400,'1',4226,4227,4228,4229,4230,4231,4232,4233,2758,4234,4235,4236
4,400,'2',4237,4238,4239,3150,4240,3634,4241,3041,4242,4243,4244,4245,2917,4246,4247,3607,3608
4,400,'3',196,1903,2449,1145,4248,2495,4249,4250,4251,4252,937,2358,713,3622,4253,2267,2517,1055,3657,4254,4255,4256,3466,3354,4257,4258,1186,4259,1743,344,4260,778,130,132
4,401,'1',1812,4261,4262,4263,2827,4264,4265,4266,4267,4268,4269,4270,4271
4,401,'2',4272,4273,4274,854,4275,3936,4276,4277,3152,2820,2919,4278,4279,4280,3324,4281
4,401,'3',4282,3740,463,1322,4283,1616,2801,4284,2971,1261,2717,1964,3596,1908,4285,1624,4286,222,84,4287,4288,3819,4289,1122,1981,4290,2729,4291,3825,3147,4292,1359,4293,4294
5,500,'1',4295,4296,2927,4297,2386,4298,4299,3420,4300,4301,4302,4303,4304,4305,4306,4307,4308,3881,4309,2941,4310,4311,4312,4313,4314,4315,4316,3089,3390,4317,3959,4318,4319,3162,2954,4320,4321,4322,4323,4324,4325,4326,4327,4328,4329,4330,4331,4332,4333,4334,4335
5,500,'2',4336,4337,4338,4339,2685,1089,4340,4341,2424,4342,4343,2624,4344,4345,4346,4347,4348,4349,4350,3038,4351,4352,4353,4354,4355,4356,634,4357,4358,4359,3477,4360,4361,4362,4363,4364,4365,4366,4367,4368,4369,4370,4371,4372,2911,2912,4373,2789,4374,4375,4376,4377,4378,4379,2920,3876,4380,4381,3055,3681,4382,2072,3444,4383
5,500,'3',3898,676,4384,3594,2659,4385,3246,4386,2450,4387,4388,1146,4389,4390,4391,4392,4393,321,1781,4394,4395,3843,4396,2506,4397,2720,3253,1674,4398,933,4399,4400,4401,2661,4402,1910,2664,474,3699,4403,4404,4405,2980,225,3212,4406,4407,1271,2854,1683,723,3108,724,4408,3192,1277,3534,4409,3918,2268,2990,3737,482,4410,3966,1059,3569,4411,4412,4413,3142,4414,4415,4416,2259,4417,2521,2670,4418,2481,2522,3661,4419,1167,4420,1142,251,4421,4422,4423,1864,4424,4425,343,4426,3503,3356,4427,4428,4429,4430,1805,1443,1926,2732,2122,1203,3504,4431,4432,2613,1014,4433,4434,4435,134,4436
5,501,'1',4437,4438,4439,4440,4441,3067,4442,4443,4444,4445,4446,3282,2936,4447,4448,4449,4450,4451,4452,3075,4453,4454,3719,4455,4456,4457,4458,4459,4460,4461,4462,4463,4464,4465,4466,2563,4467,2799,4468,4469,3096,4470,3097,599,4471,4472,4473,836,3492,4474,4475
5,501,'2',4476,4477,2679,4478,4479,4480,4481,2412,4482,3923,3312,1948,4483,4484,4485,4486,4487,4488,3932,4489,4490,4491,2740,4492,4493,4494,4495,4496,4497,4498,4499,3675,4500,4501,4502,4503,4504,4505,4506,4507,4508,4509,4510,4511,4512,4513,4514,4515,4516,4517,4518,4519,4520,4521,4522,4523,4524,2701,4525,4526,3514,4527,4528,3325,4529
5,501,'3',4530,4531,4532,4533,3837,2576,4534,3203,1323,4535,1259,3204,4536,4537,1260,4538,3901,3457,3527,689,3249,3291,2348,1671,4539,4540,4541,3903,213,536,4542,1849,1107,405,2976,4543,324,407,4544,4545,2212,714,4546,1625,944,3196,1177,85,4547,949,4548,4549,4550,4551,1570,545,3213,2515,2516,4552,1111,3194,2982,4553,1734,229,4554,4555,104,3293,4556,2859,4557,4558,4559,4560,1061,3599,414,4561,2778,1579,975,4562,4563,109,4564,1281,4565,4566,986,4567,4568,1632,2809,4569,4570,1528,2731,1985,4571,780,4572,4573,4574,1129,1872,1533,4575,2878,2531,787,1694,4576
6,600,'1',1879,4577,4578,4579,4580,4581,18,4582,3692,4583,4584,4585
6,600,'2',4586,2535,4587,4588,3365,4589,3478,4590,4591,4592,4593,4594,4595
6,600,'3',4596,1848,4597,4598,4599,2589,4600,3169,1511,4601,4602,4603,1199,236,739,4604,415,2604,4605,1152,4606,2270,4607,4608,3664,2273,4609,1808,4610,2880
6,601,'1',4611,4612,4613,4614,4615,4616,2404,4617,4618,4619,4620,4621
6,601,'2',4622,4623,4624,4625,4626,4627,1093,4628,2745,4629,4630,4631,3377
6,601,'3',4632,4633,4634,4635,3562,3696,207,2584,2845,4636,4637,2849,4638,2467,3568,4639,2518,4640,969,3627,4641,2497,4642,4643,4644,4645,2171,1807,4646,781
10,1000,'3',4647,3455,1775,3840,703,4648,4649,4650,968,4651,2527,2872,2528,3751
10,1001,'3',2075,4652,1846,4653,4654,4655,743,4656,3181,4657,4658,1927,1928,4659
11,1100,'3',2765,4660,4661,328,4662,4663,4664,90,2985,4665,3187,1982,2673,2170,4666,4667
11,1101,'3',4668,911,3526,4669,1501,4670,4671,4672,1988,4673,4674,1166,4675,4676,1286,4677
12,1200,'3',2837,2021,4678,3532,3349,2593,4679,235,2091,2669,1438,4680,1001,2377
12,1201,'3',394,4681,3839,3345,2023,2846,4682,4683,81,1681,4684,247,4685,3731,3303,2223
13,1300,'1',4686,4687,4688,4689,4690,4691,4692,4693,4694,4695,4696,4697,4698
13,1300,'2',2534,4699,3578,4700,3930,4701,2741,4702,4703,4704,4705,3233,186,4706,3235,4707
13,1300,'3',62,1409,312,1565,4708,4709,402,4710,4711,4712,3348,3463,4713,4714,4715,722,1915,2774,2987,4716,3179,2724,4717,2032,748,108,4718,4719,4720,3263,4721,4722,3467,1356,1173,4723,262,4724,4725,4726,432
13,1301,'1',4727,4728,4729,4730,4731,4732,4733,4734,4735,4736,4737,4738
13,1301,'2',4739,3362,3602,4740,4741,4742,4743,4744,4745,4746,4747,3049,3052,4748,4749,3515
13,1301,'3',2713,4750,2341,3694,2203,4751,531,2841,3344,4752,3619,3817,3697,4753,4754,4755,4756,4757,4758,2361,2665,2988,2775,3257,4759,1577,974,2867,4760,4761,1170,1865,772,4762,4763,4764,2876,430,788
14,1400,'1',4765,4766,4767,4768,2642,4769,3767,4770,4771,4772,4773,4774,4775,3486,4776,1756,4777,3341,3288,4778,4779,4780
14,1400,'2',4781,4782,4783,3922,4784,4785,4786,4787,4788,625,4789,2895,3316,4790,2628,4791,4792,4793,4794,4795,4796,4797,2921,4798,4799,4800
14,1400,'3',2446,2498,4801,4802,681,2106,2579,469,1421,1105,3908,2772,4803,3910,3780,1213,4804,4805,4806,4807,2478,2363,4808,241,4809,1860,116,4810,1289,1523,2672,3854,4811,4812,3816,4813,2610,2173
14,1401,'1',2931,3379,4814,4815,4816,2757,4817,4818,4819,4820,4821,4822,3886,2828,4823,4824,2709,4825,4826,3487,4827,4828,4829,4830
14,1401,'2',4831,4832,4833,2682,3633,4834,2621,4835,4836,4837,4838,2742,3151,2746,4839,48,4840,3045,4841,4842,2914,4843,4844,4845,2924,190,4846,2638
14,1401,'3',4847,195,4848,4849,2802,4850,4851,4852,2228,3779,3462,4853,4854,3833,2853,4855,97,4856,1150,4857,3259,4858,4859,4860,4861,3261,3407,3541,768,4862,4863,4864,4865,2121,782,4866,1535,4867,1811,3576
15,1500,'1',4868,4869,4870,4871,4872,4873,3553,4874,4875,4876,3647,4877
15,1500,'2',4878,2618,4879,4880,4881,4882,4883,4884,4885,1558,1041,3795,4886
15,1500,'3',3104,3653,1207,4887,2840,4888,1512,4889,2233,4890,4891,1151,1184,2365,1859,4892,4893,1124,764,2871,998,260,4894,4895,3011
15,1501,'1',4896,3279,4897,3954,4898,4899,4900,3449,3450,4901,2959,4902
15,1501,'2',4903,4904,4905,4906,4907,4908,4909,4910,4911,4912,4913,4914,4915,3946
15,1501,'3',1841,1959,2581,2838,203,2453,2353,4916,2462,3909,1854,2027,1340,3598,4917,3822,966,1346,4918,1117,2520,4919,2671,337,3784,4920
18,1800,'1',4921,4922,4923,4924,4925,4926,2131,4927,2570,3645,4928,4929
18,1800,'2',4930,4931,4932,4933,872,4934,2897,4935,4936,4937,4938,3125,4939
18,1800,'3',3343,2714,4940,2502,4941,4942,4943,3290,4944,4945,4946,4947,2207,4948,931,4949,4950,4951,4952,4953,1137,228,3623,1426,3535,2864,4954,122,779,4955
18,1801,'1',4956,4957,4958,4959,4960,4961,1759,4962,3138,1467,4963,2656
18,1801,'2',4964,4965,4966,4967,4968,4969,4970,1713,3443,4971,4972,3763,3715
18,1801,'3',4973,1665,2503,917,1050,3729,4974,3346,4975,4976,4977,4978,4979,4980,4981,3848,4982,4983,4984,1799,1800,1630,1283,3264,4985,4986,775,3008,3191
19,1900,'1',4987,4988,4989,4990,3768,4991,2944,4992,4993,4994,4995,4996
19,1900,'2',4997,4998,4999,1387,5000,5001,5002,5003,5004,5005,1398,1772,3944,5006
19,1900,'3',5007,526,5008,3201,1133,467,1048,2076,2970,2839,209,2265,5009,5010,1850,5011,5012,3810,2594,5013,5014,5015,5016,5017,5018,5019,5020,5021,5022,3662,3703,2487,5023,3223,5024,3307
19,1901,'1',5025,5026,5027,5028,2181,5029,5030,1547,5031,3591,5032,5033
19,1901,'2',5034,5035,5036,5037,3862,5038,5039,5040,3366,2743,2429,5041,5042,5043
19,1901,'3',192,395,5044,5045,5046,5047,5048,1617,3176,3106,1623,3745,5049,5050,1510,5051,5052,2474,2117,5053,3850,244,110,2996,5054,5055,1143,5056,5057,5058,5059,5060,3855,5061,5062,5063,2875
20,2000,'1',5064,5065,5066,5067,5068,5069,5070,3807,5071,5072,5073,3648
20,2000,'2',5074,5075,5076,3032,5077,5078,5079,5080,3042,5081,2555,5082,2702
20,2000,'3',3139,2264,5083,5084,5085,5086,5087,5088,3565,5089,3911,5090,3531,3464,5091,2855,3650,3465,5092,5093,2780,117,338,5094,3665,5095,1868,3009,790
20,2001,'1',5096,1360,3069,5097,5098,2948,5099,5100,5101,5102,5103,3618
20,2001,'2',5104,5105,5106,1601,5107,1707,5108,3926,5109,3508,5110,5111,5112,5113,5114
20,2001,'3',5115,2658,2967,2580,319,2716,5116,5117,5118,5119,5120,2979,5121,3350,5122,102,1278,5123,3658,2992,1522,756,5124,3749,3115,3750,997,2111,3600,1638
26,2600,'3',5125
26,2601,'3',3114
28,2800,'1',5126,5127,5128,5129,5130,5131,5132,5133,5134,3691,5135,5136,3896
28,2800,'2',2881,5137,5138,5139,5140,5141,5142,2817,5143,5144,5145,3276,5146,3126
28,2800,'3',2448,2020,5147,3402,5148,3777,3841,5149,5150,1731,5151,2514,5152,5153,2602,1434,5154,3145,3199,1285,1524,493,2120,3265,1586,5155,258,5156,5157,1748
28,2801,'1',5158,5159,5160,3335,5161,5162,5163,5164,5165,2572,1466,5166,5167
28,2801,'2',5168,1474,5169,5170,5171,5172,5173,5174,5175,2698,5176,3874,5177,5178
28,2801,'3',3836,3900,5179,1838,3140,1418,2719,1330,5180,5181,1342,3920,1116,5182,981,5183,988,5184,5185,5186,419,5187,3733,5188,2376,5189,5190,5191,5192,3193
34,3400,'3',59,929,5193,5194,5195,2848,5196,1790,5197,5198
34,3401,'3',2578,5199,2843,5200,5201,5202,3300,1580,5203,423
37,3700,'1',5204,5205,5206,5207,5208,5209,2651,5210,5211,1379,3774,5212
37,3700,'2',5213,5214,2689,5215,3031,5216,5217,5218,5219,5220,5221,5222,5223,5224,3797
37,3700,'3',5225,5226,210,1208,3778,5227,403,5228,5229,3461,942,2512,5230,5231,238,2862,3824,5232,2096,3004,1068,5233,268,2491
37,3701,'1',5234,5235,5236,5237,1369,5238,3588,3689,593,5239,3102,5240
37,3701,'2',5241,3017,5242,5243,5244,5245,5246,5247,5248,3758,3794,5249,3796,5250,5251
37,3701,'3',2263,5252,2081,5253,1264,5254,3347,5255,5256,740,3499,5257,5258,3967,5259,2779,5260,1628,5261,2098,5262,3738,5263,1191
120,12000,'3',5264,5265,1328,2718,936,542,5266,5267,1917,5268,5269,3812,1929,1358
120,12001,'3',5270,5271,682,5272,2080,1273,5273,3811,106,5274,5275,5276,1444,5277
190,19000,'3',5278,5279,5280
190,19001,'3',5281,2803,5282
10014,1001400,'1',3878,5283,5284,5285,5286,1370,5287,5288,5289,5290,5291,5292,5293,5294,5295,5296,5297,5298,5299,3893,3894,5300,5301,2963
10014,1001400,'2',5302,5303,5304,2616,5305,5306,5307,5308,5309,5310,2783,5311,5312,3865,5313,3415,3868,5314,5315,5316,2819,5317,5318,5319,383,3511,3873,5320,5321,5322,5323,524,5324
10014,1001400,'3',2151,5325,5326,5327,3595,1905,5328,5329,2505,693,5330,3654,3965,5331,5332,5333,3744,5334,5335,5336,5337,5338,5339,5340,3197,5341,5342,3823,1737,5343,2162,5344,5345,747,5346,2371,2999,1631,2243,254,2374,3964,1069,3174,5347
10014,1001401,'1',3947,792,3948,5348,5349,5350,5351,5352,3556,5353,5354,5355,5356,3086,5357,5358,3339,5359,5360,5361,2956,5362,5363,5364,3522
10014,1001401,'2',5365,1384,3310,1236,5366,5367,5368,2737,5369,5370,5371,5372,5373,3929,3028,3473,627,5374,3790,1833,5375,5376,5377,5378,5379,5380,5381,5382,5383,5384,5385,5386,5387,5388,2925
10014,1001401,'3',5389,2575,5390,58,5391,5392,5393,1047,2343,5394,199,397,2715,5395,1962,5396,5397,5398,5399,2494,1420,5400,5401,5402,5403,708,5404,3746,5405,2986,3496,2597,2725,5406,5407,5408,2109,2525,5409,5410,421,999,5411,124,3432,789,2102
