101,'1',600,,2614,13,0,39 1 9,0,10,,2170,13,0,39 1 9,0,10,,1444,13,0,39 1 9,0,10,,943,13,0,39 1 9,0,10,,2609,13,0,39 1 9,0,10,,986,13,0,39 1 9,0,50,,2118,13,0,39 1 9,0,10,,2585,13,0,39 1 9,0,10,,218,13,0,39 1 9,0,10,,2602,13,0,39 1 9,0,10,,2593,13,0,39 1 9,0,10,,2583,13,0,39 1 9,0,50,,547,13,0,39 1 9,0,10,,2579,13,0,39 1 9,0,10,,2045,13,0,39 1 9,0,10,,2591,13,0,39 1 9,0,10,,2596,13,0,39 1 9,0,10,,216,13,0,39 1 9,0,50,,2090,13,0,39 1 9,0,10,,1908,13,0,39 1 9,0,10,,2120,13,0,39 1 9,0,15,,1779,13,0,39 1 9,0,15,,975,13,0,39 1 9,0,55,,2575,13,0,39 1 9,0,15,,2603,13,0,39 1 9,0,15,,2599,13,0,39 1 9,0,15,,2582,13,0,39 1 9,0,55,,2601,13,0,39 1 9,0,15,,2584,13,0,39 1 9,0,15,,980,13,0,39 1 9,0,15,,1912,13,0,39 1 9,0,55,,1202,13,0,39 1 9,0,15,,2611,13,0,39 1 9,0,15,,2610,13,0,39 1 9,0,15,,2613,13,0,39 1 9,0,55,,2576,13,0,39 1 9,0,15,,84,13,0,39 1 9,0,15,,405,13,0,39 1 9,0,15,,1049,13,0,39 1 9,0,55,,2586,13,0,39 1 9,0,15,,2580,13,0,39 1 9,0,15,,1748,13,0,39 1 9,0,15,,2577,13,0,39 1 9,0,55,,966,13,0,39 1 9,0,15,,482,13,0,39 1 9,0,10,,2592,13,0,39 1 9,0,10,,2600,13,0,39 1 9,0,10,,2578,13,0,39 1 9,0,50,,2608,13,0,39 1 9,0,10,,2597,13,0,39 1 9,0,10,,2605,13,0,39 1 9,0,10,,2594,13,0,39 1 9,0,10,,2589,13,0,39 1 9,0,10,,2595,13,0,39 1 9,0,50,,2081,13,0,39 1 9,0,10,,2604,13,0,39 1 9,0,10,,1146,13,0,39 1 9,0,10,,1357,13,0,39 1 9,0,10,,2588,13,0,39 1 9,0,10,,1116,13,0,39 1 9,0,50,,114,13,0,39 1 9,0,10,,2348,13,0,39 1 9,0,10,,2581,13,0,39 1 9,0,10,,1564,13,0,39 1 9,0,10,,2587,13,0,39 1 9,0,10,,2598,13,0,39 1 9,0,50,,134,13,0,39 1 9,0,10,,2590,13,0,39 1 9,0,20,,1962,13,0,39 1 9,0,70,,2203,13,0,39 1 9,0,30,,1691,13,0,39 1 9,0,70,,2078,13,0,39 1 9,0,30,,2262,13,0,39 1 9,0,70,,1434,13,0,39 1 9,0,30,,2607,13,0,39 1 9,0,70,,2612,13,0,39 1 9,0,30,,193,13,0,39 1 9,0,28,,2606,13,0,11 12,0
101,'2',700,,2633,13,0,39 1 9,0,30,,2631,13,0,39 1 9,0,70,,2616,13,0,39 1 9,0,30,,2623,13,0,39 1 9,0,70,,1038,13,0,39 1 9,0,30,,2635,13,0,39 1 9,0,70,,891,13,0,39 1 9,0,30,,2624,13,0,39 1 9,0,70,,2629,13,0,39 1 9,0,30,,2630,13,0,39 1 9,0,70,,2628,13,0,39 1 9,0,30,,2626,13,0,39 1 9,0,70,,48,13,0,39 1 9,0,30,,2634,13,0,39 1 9,0,70,,1946,13,0,39 1 9,0,30,,2619,13,0,39 1 9,0,70,,2617,13,0,39 1 9,0,30,,2638,13,0,39 1 9,0,70,,2632,13,0,39 1 9,0,30,,2637,13,0,39 1 9,0,70,,2622,13,0,39 1 9,0,30,,2620,13,0,39 1 9,0,70,,2196,13,0,39 1 9,0,30,,2618,13,0,39 1 9,0,70,,2636,13,0,39 1 9,0,30,,2621,13,0,39 1 9,0,70,,2627,13,0,39 1 9,0,30,,2190,13,0,39 1 9,0,70,,2615,13,0,39 1 9,0,100,,2625,13,0,39 1 9,0,100,,847,13,0,39 1 9,0
101,'3',800,,2647,13,0,39 1 9,0,30,,2641,13,0,39 1 9,0,70,,2650,13,0,39 1 9,0,30,,153,13,0,39 1 9,0,70,,2656,13,0,39 1 9,0,30,,2402,13,0,39 1 9,0,70,,2654,13,0,39 1 9,0,30,,2649,13,0,39 1 9,0,70,,2050,13,0,39 1 9,0,30,,2655,13,0,39 1 9,0,70,,2646,13,0,39 1 9,0,30,,2652,13,0,39 1 9,0,70,,2639,13,0,39 1 9,0,30,,808,13,0,39 1 9,0,70,,2645,13,0,39 1 9,0,30,,2298,13,0,39 1 9,0,70,,2653,13,0,39 1 9,0,30,,2644,13,0,39 1 9,0,70,,2651,13,0,39 1 9,0,30,,150,13,0,39 1 9,0,70,,2640,13,0,39 1 9,0,30,,2642,13,0,39 1 9,0,70,,2657,13,0,39 1 9,0,30,,2648,13,0,39 1 9,0,70,,2643,13,0,39 1 9,0
1900,'1',640,,1501,43,,,0,72,,1274,43,,,0,28,,1255,43,,,0,70,,3542,43,,,0,31,,3539,43,,,0,69,,1055,43,,,0,27,,1800,43,,,0,69,,3537,43,,,0,24,,3530,43,,,0,27,,3535,43,,,0,69,,2487,43,,,0,24,,3540,43,,,0,67,,3531,43,,,0,29,,3528,43,,,0,64,,3544,43,,,0,27,,1142,43,,,0,69,,1533,43,,,0,20,,706,43,,,0,31,,3543,43,,,0,51,,3526,37,,,0,21,,337,43,,,0,30,,1531,43,,,0,67,,1291,43,,,0,30,,3541,43,,,0,70,,1959,43,,,0,27,,3533,43,,,0,70,,3527,43,,,0,30,,1047,43,,,0,67,,3536,43,,,0,27,,3538,43,,,0,67,,347,43,,,0,27,,1218,43,,,0,70,,2448,43,,,0,90,,3534,43,,,0,30,,3529,43,,,0,90,,3532,43,,,0,30,,1152,43,,,0
1900,'2',810,,855,43,,,0,100,,3551,43,,,0,100,,2434,43,,,0,100,,291,43,,,0,100,,3546,43,,,0,100,,3547,43,,,0,100,,1892,43,,,0,100,,1034,43,,,0,100,,3548,43,,,0,100,,2072,43,,,0,100,,3550,43,,,0,100,,3545,43,,,0,100,,1767,43,,,0,100,,3549,43,,,0
1900,'3',910,,3552,43,,,0,100,,3554,43,,,0,100,,3556,43,,,0,100,,3558,43,,,0,100,,1364,43,,,0,100,,3557,43,,,0,100,,1084,43,,,0,100,,3555,43,,,0,100,,3560,43,,,0,100,,3553,43,,,0,100,,2132,43,,,0,100,,3559,43,,,0
2000,'1',633,,1010,27,,,0,75,,3598,27,,,0,35,,1111,27,,,0,75,,1341,27,,,0,35,,922,27,,,0,75,,2358,27,,,0,73,,3594,27,,,0,30,,1001,27,,,0,70,,235,27,,,0,30,,747,27,,,0,70,,2101,27,,,0,30,,1206,27,,,0,70,,2350,27,,,0,30,,784,27,,,0,70,,1516,27,,,0,30,,1162,27,,,0,70,,3600,27,,,0,46,,1807,27,,,0,87,,3596,27,,,0,74,,3599,27,,,0,36,,1133,27,,,0,82,,948,27,,,0,31,,1579,27,,,0,84,,3595,27,,,0,70,,3597,27,,,0,92,,58,27,,,0,28,,2024,27,,,0,70,,2171,27,,,0,100,,1000,27,,,0
2000,'2',801,,1485,27,,,0,100,,3601,27,,,0,100,,3603,27,,,0,100,,2314,27,,,0,100,,3604,27,,,0,100,,3608,27,,,0,100,,625,27,,,0,100,,2070,27,,,0,100,,3607,27,,,0,100,,3606,27,,,0,100,,3602,27,,,0,100,,3605,27,,,0,100,,872,27,,,0
2000,'3',901,,3609,27,,,0,100,,3616,27,,,0,100,,3612,27,,,0,100,,3610,27,,,0,100,,3614,27,,,0,100,,1812,27,,,0,100,,3611,27,,,0,100,,3613,27,,,0,100,,3618,27,,,0,100,,836,27,,,0,100,,3615,27,,,0,100,,3617,27,,,0
7101,'1',1522,,3810,41,0,42 28 43,0
