401,'1',852,,2827,21,0,52 19 20,1,100,,4266,21,0,52 19 20,1,100,,4270,21,0,52 19 20,1,100,,4262,21,0,52 19 20,1,100,,4263,21,0,52 19 20,1,100,,4268,21,0,52 19 20,1,100,,4267,21,0,52 19 20,1,100,,4264,21,0,52 19 20,1,100,,1812,21,0,52 19 20,1,100,,4261,21,0,52 19 20,1,100,,4269,21,0,52 19 20,1,98,,4265,21,0,21 20,1
401,'2',752,,4272,21,0,52 19 20,1,100,,4278,21,0,52 19 20,1,100,,4281,21,0,52 19 20,1,100,,4276,21,0,52 19 20,1,100,,4275,21,0,52 19 20,1,100,,4277,21,0,52 19 20,1,100,,3152,21,0,52 19 20,1,100,,2919,21,0,52 19 20,1,100,,4274,21,0,52 19 20,1,100,,2820,21,0,52 19 20,1,100,,4273,21,0,52 19 20,1,100,,3936,21,0,52 19 20,1,100,,4280,21,0,52 19 20,1,100,,4279,21,0,52 19 20,1,100,,3324,21,0,52 19 20,1,100,,854,21,0,52 19 20,1
401,'3',624,,2971,21,0,52 19 20,1,25,,1261,21,0,52 19 20,1,62,,4282,21,0,52 19 20,1,24,,2717,21,0,52 19 20,1,24,,4285,21,0,52 19 20,1,65,,1322,21,0,52 19 20,1,25,,3596,21,0,52 19 20,1,65,,3147,21,0,52 19 20,1,44,,1981,21,0,52 19 20,1,67,,2801,21,0,52 19 20,1,25,,1616,21,0,52 19 20,1,81,,4292,21,0,52 19 20,1,70,,4291,21,0,52 19 20,1,25,,222,21,0,52 19 20,1,81,,3825,21,0,52 19 20,1,30,,4287,21,0,52 19 20,1,65,,1122,21,0,52 19 20,1,41,,4286,21,0,52 19 20,1,73,,4290,21,0,52 19 20,1,23,,463,21,0,52 19 20,1,73,,4288,21,0,52 19 20,1,18,,1908,21,0,52 19 20,1,74,,4289,21,0,52 19 20,1,24,,2729,21,0,52 19 20,1,76,,4294,21,0,52 19 20,1,20,,3819,21,0,52 19 20,1,30,,3740,21,0,52 19 20,1,64,,1964,21,0,52 19 20,1,30,,84,21,0,52 19 20,1,103,,4284,21,0,52 19 20,1,81,,4293,21,0,52 19 20,1,99,,1359,21,0,52 19 20,1,75,,1624,21,0,52 19 20,1,35,,4283,21,0,52 19 20,1
1000,'3',735,,2872,20,,,1,70,,4649,20,,,1,30,,3751,20,,,1,70,,4647,20,,,1,30,,3840,20,,,1,70,,4651,20,,,1,30,,2528,20,,,1,472,,968,30,,,1,30,,1775,30,,,1,70,,703,30,,,1,30,,2527,30,,,1,70,,3455,30,,,1,30,,4650,30,,,1,70,,4648,30,,,1
1401,'1',837,,4825,29,,,1,100,,4826,29,,,1,100,,2828,29,,,1,100,,4816,29,,,1,100,,4820,29,,,1,100,,4818,29,,,1,100,,4827,29,,,1,100,,4821,29,,,1,100,,4814,29,,,1,100,,3379,29,,,1,100,,4822,29,,,1,100,,2757,29,,,1
1401,'2',737,,190,29,,,1,100,,4838,29,,,1,100,,4831,29,,,1,100,,4842,29,,,1,100,,3045,29,,,1,100,,3633,29,,,1,100,,2638,29,,,1,100,,2924,29,,,1,100,,48,29,,,1,100,,4841,29,,,1,100,,4840,29,,,1,100,,4837,29,,,1,100,,4845,29,,,1,100,,4833,29,,,1
1401,'3',642,,4864,29,,,1,73,,4847,29,,,1,30,,3779,29,,,1,70,,4849,29,,,1,30,,782,29,,,1,70,,3541,29,,,1,30,,4848,29,,,1,91,,4851,29,,,1,100,,4853,29,,,1,100,,3407,29,,,1,100,,4860,29,,,1,100,,3261,29,,,1,100,,4857,29,,,1,112,,4863,29,,,1,100,,1535,29,,,1,70,,4859,29,,,1,30,,1811,29,,,1,70,,4850,29,,,1,30,,4867,29,,,1,88,,3462,29,,,1
1501,'1',837,,3450,39,,,1,100,,3449,39,,,1,100,,4901,39,,,1,100,,3954,39,,,1,100,,2959,39,,,1,100,,3279,39,,,1,100,,4896,39,,,1,100,,4902,39,,,1,100,,4899,39,,,1,100,,4897,39,,,1,100,,4898,39,,,1,100,,4900,39,,,1
1501,'2',737,,4912,39,,,1,100,,4908,39,,,1,100,,4914,39,,,1,100,,4906,39,,,1,100,,4907,39,,,1,100,,4903,39,,,1,100,,4911,39,,,1,100,,4915,39,,,1,100,,4910,39,,,1,100,,4913,39,,,1,100,,4909,39,,,1,100,,4904,39,,,1,100,,4905,39,,,1,100,,3946,39,,,1
1501,'3',637,,1854,39,,,1,77,,966,39,,,1,35,,2520,39,,,1,75,,3909,39,,,1,32,,2453,39,,,1,78,,4919,39,,,1,72,,1117,39,,,1,30,,3598,39,,,1,72,,3784,39,,,1,32,,337,39,,,1,72,,4916,39,,,1,32,,203,39,,,1,72,,4920,39,,,1,32,,2462,39,,,1,69,,2671,39,,,1,35,,2581,39,,,1,72,,4918,39,,,1,32,,2353,39,,,1,79,,1959,39,,,1,75,,2838,39,,,1,35,,3822,39,,,1,75,,4917,39,,,1,85,,2027,39,,,1,32,,1841,39,,,1,70,,1340,39,,,1,102,,1346,39,,,1
1800,'1',837,,4928,26,,,1,100,,3645,26,,,1,100,,2570,26,,,1,100,,2131,26,,,1,100,,4929,26,,,1,100,,4927,26,,,1,100,,4921,26,,,1,100,,4926,26,,,1,100,,4923,26,,,1,100,,4922,26,,,1,100,,4925,26,,,1,100,,4924,26,,,1
1800,'2',737,,4930,26,,,1,100,,4931,26,,,1,100,,2897,26,,,1,100,,4937,26,,,1,100,,872,26,,,1,100,,4936,26,,,1,100,,4932,26,,,1,100,,3125,26,,,1,100,,4939,26,,,1,100,,4934,26,,,1,100,,4933,26,,,1,100,,4935,26,,,1,100,,4938,26,,,1
1800,'3',637,,4947,26,,,1,70,,4950,26,,,1,30,,3343,26,,,1,70,,4944,26,,,1,30,,779,26,,,1,70,,4954,26,,,1,30,,4942,26,,,1,70,,228,26,,,1,30,,2864,26,,,1,70,,3535,26,,,1,30,,4955,26,,,1,70,,4951,26,,,1,30,,4940,26,,,1,70,,4945,26,,,1,30,,3290,26,,,1,70,,931,26,,,1,30,,4949,26,,,1,70,,2207,26,,,1,30,,3623,26,,,1,70,,2714,26,,,1,30,,1426,26,,,1,70,,4943,26,,,1,30,,4946,26,,,1,70,,4948,26,,,1,30,,2502,26,,,1,70,,122,26,,,1,30,,4952,26,,,1,70,,4953,26,,,1,30,,4941,26,,,1,100,,1137,26,,,1
2800,'1',807,,5126,36,,,1,100,,5127,39,,,1,100,,5131,39,,,1,100,,5129,39,,,1,100,,5134,39,,,1,100,,5136,39,,,1,100,,3896,39,,,1,100,,5128,39,,,1,100,,5135,39,,,1,100,,5132,39,,,1,100,,3691,39,,,1,100,,5133,39,,,1,100,,5130,39,,,1
2800,'2',707,,5145,36,,,1,100,,5143,39,,,1,100,,5142,39,,,1,100,,5144,39,,,1,100,,3126,39,,,1,100,,3276,39,,,1,100,,5139,39,,,1,100,,5140,39,,,1,100,,2881,39,,,1,100,,5141,39,,,1,100,,5137,39,,,1,100,,5138,39,,,1,100,,5146,39,,,1,100,,2817,39,,,1
2800,'3',637,,493,39,,,1,70,,3777,39,,,1,30,,2020,39,,,1,70,,2120,39,,,1,30,,3841,39,,,1,70,,5157,39,,,1,30,,5151,39,,,1,70,,5156,39,,,1,30,,5150,39,,,1,70,,2514,39,,,1,30,,5152,39,,,1,70,,1285,39,,,1,30,,2602,39,,,1,70,,5149,39,,,1,30,,1586,39,,,1,70,,5148,39,,,1,30,,3199,39,,,1,70,,1748,39,,,1,30,,5153,39,,,1,70,,5154,39,,,1,30,,1434,39,,,1,70,,1731,39,,,1,30,,5147,39,,,1,70,,1524,39,,,1,30,,258,39,,,1,70,,2448,39,,,1,30,,3145,39,,,1,70,,3265,39,,,1,100,,3402,39,,,1,131,,5155,39,,,1
1001401,'1',807,,3086,14,0,23 21 20,1,100,,3339,29,0,23 21 20,1,100,,792,29,0,23 21 20,1,100,,3947,29,0,23 21 20,1,100,,5362,29,0,23 21 20,1,100,,5355,29,0,23 21 20,1,100,,5361,29,0,23 21 20,1,100,,5348,29,0,23 21 20,1,100,,5351,29,0,23 21 20,1,100,,5349,29,0,23 21 20,1,100,,3948,29,0,23 21 20,1,100,,5360,29,0,23 21 20,1,100,,5358,29,0,23 21 20,1
1001401,'2',707,,5387,14,0,23 21 20,1,100,,5388,29,0,23 21 20,1,100,,1833,29,0,23 21 20,1,100,,2925,29,0,23 21 20,1,100,,5368,29,0,23 21 20,1,100,,3473,29,0,23 21 20,1,100,,5386,29,0,23 21 20,1,100,,1384,29,0,23 21 20,1,100,,5384,29,0,23 21 20,1,100,,5380,29,0,23 21 20,1,100,,2737,29,0,23 21 20,1,100,,5383,29,0,23 21 20,1,100,,5365,29,0,23 21 20,1,100,,1236,29,0,23 21 20,1,100,,5382,29,0,23 21 20,1,100,,5373,29,0,23 21 20,1,100,,5369,29,0,23 21 20,1,52,,5375,29,0,23 21 20,1
1001401,'3',607,,2715,14,0,23 21 20,1,52,,2986,29,0,23 21 20,1,73,,5389,29,0,23 21 20,1,70,,124,29,0,23 21 20,1,30,,2109,29,0,23 21 20,1,70,,708,29,0,23 21 20,1,28,,1420,29,0,23 21 20,1,74,,5391,29,0,23 21 20,1,100,,1047,29,0,23 21 20,1,100,,5407,29,0,23 21 20,1,100,,5401,29,0,23 21 20,1,100,,5409,29,0,23 21 20,1,100,,2102,29,0,23 21 20,1,113,,2343,29,0,23 21 20,1,100,,58,29,0,23 21 20,1,85,,2597,29,0,23 21 20,1,30,,5394,29,0,23 21 20,1,70,,5395,29,0,23 21 20,1,30,,5399,29,0,23 21 20,1,72,,1962,29,0,23 21 20,1,100,,5396,29,0,23 21 20,1,100,,2575,29,0,23 21 20,1,100,,5405,29,0,23 21 20,1,99,,5393,29,0,23 21 20,1
