101,'1',559,,2614,12,0,39 1 9,0,50,,2170,12,0,39 1 9,0,10,,1444,12,0,39 1 9,0,10,,943,12,0,39 1 9,0,10,,2609,12,0,39 1 9,0,10,,986,12,0,39 1 9,0,10,,2118,12,0,39 1 9,0,50,,2585,12,0,39 1 9,0,10,,218,12,0,39 1 9,0,10,,2602,12,0,39 1 9,0,10,,2593,12,0,39 1 9,0,10,,2583,12,0,39 1 9,0,10,,547,12,0,39 1 9,0,50,,2579,12,0,39 1 9,0,10,,2045,12,0,39 1 9,0,10,,2591,12,0,39 1 9,0,10,,2596,12,0,39 1 9,0,10,,216,12,0,39 1 9,0,10,,2090,12,0,39 1 9,0,50,,1908,12,0,39 1 9,0,10,,2120,12,0,39 1 9,0,15,,1779,12,0,39 1 9,0,15,,975,12,0,39 1 9,0,55,,2575,12,0,39 1 9,0,15,,2603,12,0,39 1 9,0,15,,2599,12,0,39 1 9,0,15,,2582,12,0,39 1 9,0,55,,2601,12,0,39 1 9,0,15,,2584,12,0,39 1 9,0,15,,980,12,0,39 1 9,0,15,,1912,12,0,39 1 9,0,55,,1202,12,0,39 1 9,0,15,,2611,12,0,39 1 9,0,15,,2610,12,0,39 1 9,0,15,,2613,12,0,39 1 9,0,55,,2576,12,0,39 1 9,0,15,,84,12,0,39 1 9,0,15,,405,12,0,39 1 9,0,15,,1049,12,0,39 1 9,0,55,,2586,12,0,39 1 9,0,15,,2580,12,0,39 1 9,0,15,,1748,12,0,39 1 9,0,15,,2577,12,0,39 1 9,0,55,,966,12,0,39 1 9,0,15,,482,12,0,39 1 9,0,10,,2592,12,0,39 1 9,0,10,,2600,12,0,39 1 9,0,10,,2578,12,0,39 1 9,0,10,,2608,12,0,39 1 9,0,50,,2597,12,0,39 1 9,0,10,,2605,12,0,39 1 9,0,10,,2594,12,0,39 1 9,0,10,,2589,12,0,39 1 9,0,10,,2595,12,0,39 1 9,0,10,,2081,12,0,39 1 9,0,50,,2604,12,0,39 1 9,0,10,,1146,12,0,39 1 9,0,10,,1357,12,0,39 1 9,0,10,,2588,12,0,39 1 9,0,10,,1116,12,0,39 1 9,0,10,,114,12,0,39 1 9,0,50,,2348,12,0,39 1 9,0,10,,2581,12,0,39 1 9,0,10,,1564,12,0,39 1 9,0,10,,2587,12,0,39 1 9,0,10,,2598,12,0,39 1 9,0,10,,134,12,0,39 1 9,0,50,,2590,12,0,39 1 9,0,20,,1962,12,0,39 1 9,0,30,,2203,12,0,39 1 9,0,70,,1691,12,0,39 1 9,0,30,,2078,12,0,39 1 9,0,70,,2262,12,0,39 1 9,0,30,,1434,12,0,39 1 9,0,70,,2607,12,0,39 1 9,0,30,,2612,12,0,39 1 9,0,70,,193,12,0,39 1 9,0,28,,2606,12,0,11 12,0
101,'2',659,,2633,12,0,39 1 9,0,70,,2631,12,0,39 1 9,0,30,,2616,12,0,39 1 9,0,70,,2623,12,0,39 1 9,0,30,,1038,12,0,39 1 9,0,70,,2635,12,0,39 1 9,0,30,,891,12,0,39 1 9,0,70,,2624,12,0,39 1 9,0,30,,2629,12,0,39 1 9,0,70,,2630,12,0,39 1 9,0,30,,2628,12,0,39 1 9,0,70,,2626,12,0,39 1 9,0,30,,48,12,0,39 1 9,0,70,,2634,12,0,39 1 9,0,30,,1946,12,0,39 1 9,0,70,,2619,12,0,39 1 9,0,30,,2617,12,0,39 1 9,0,70,,2638,12,0,39 1 9,0,30,,2632,12,0,39 1 9,0,70,,2637,12,0,39 1 9,0,30,,2622,12,0,39 1 9,0,70,,2620,12,0,39 1 9,0,30,,2196,12,0,39 1 9,0,70,,2618,12,0,39 1 9,0,30,,2636,12,0,39 1 9,0,70,,2621,12,0,39 1 9,0,30,,2627,12,0,39 1 9,0,70,,2190,12,0,39 1 9,0,30,,2615,12,0,39 1 9,0,100,,2625,12,0,39 1 9,0,100,,847,12,0,39 1 9,0
101,'3',759,,2647,12,0,39 1 9,0,70,,2641,12,0,39 1 9,0,30,,2650,12,0,39 1 9,0,70,,153,12,0,39 1 9,0,30,,2656,12,0,39 1 9,0,70,,2402,12,0,39 1 9,0,30,,2654,12,0,39 1 9,0,70,,2649,12,0,39 1 9,0,30,,2050,12,0,39 1 9,0,70,,2655,12,0,39 1 9,0,30,,2646,12,0,39 1 9,0,70,,2652,12,0,39 1 9,0,30,,2639,12,0,39 1 9,0,70,,808,12,0,39 1 9,0,30,,2645,12,0,39 1 9,0,70,,2298,12,0,39 1 9,0,30,,2653,12,0,39 1 9,0,70,,2644,12,0,39 1 9,0,30,,2651,12,0,39 1 9,0,70,,150,12,0,39 1 9,0,30,,2640,12,0,39 1 9,0,70,,2642,12,0,39 1 9,0,30,,2657,12,0,39 1 9,0,70,,2648,12,0,39 1 9,0,30,,2643,12,0,39 1 9,0
1900,'1',639,,1501,42,,,0,72,,1274,42,,,0,28,,1255,42,,,0,70,,3542,42,,,0,31,,3539,42,,,0,69,,1055,42,,,0,27,,1800,42,,,0,69,,3537,42,,,0,24,,3530,42,,,0,27,,3535,42,,,0,69,,2487,42,,,0,24,,3540,42,,,0,67,,3531,42,,,0,29,,3528,42,,,0,64,,3544,42,,,0,27,,1142,42,,,0,69,,1533,42,,,0,20,,706,42,,,0,31,,3543,42,,,0,51,,3526,36,,,0,21,,337,42,,,0,30,,1531,42,,,0,67,,1291,42,,,0,30,,3541,42,,,0,70,,1959,42,,,0,27,,3533,42,,,0,70,,3527,42,,,0,30,,1047,42,,,0,67,,3536,42,,,0,27,,3538,42,,,0,67,,347,42,,,0,27,,1218,42,,,0,70,,2448,42,,,0,90,,3534,42,,,0,30,,3529,42,,,0,90,,3532,42,,,0,30,,1152,42,,,0
1900,'2',809,,855,42,,,0,100,,3551,42,,,0,100,,2434,42,,,0,100,,291,42,,,0,100,,3546,42,,,0,100,,3547,42,,,0,100,,1892,42,,,0,100,,1034,42,,,0,100,,3548,42,,,0,100,,2072,42,,,0,100,,3550,42,,,0,100,,3545,42,,,0,100,,1767,42,,,0,100,,3549,42,,,0
1900,'3',909,,3552,42,,,0,100,,3554,42,,,0,100,,3556,42,,,0,100,,3558,42,,,0,100,,1364,42,,,0,100,,3557,42,,,0,100,,1084,42,,,0,100,,3555,42,,,0,100,,3560,42,,,0,100,,3553,42,,,0,100,,2132,42,,,0,100,,3559,42,,,0
2000,'1',632,,1010,26,,,0,75,,3598,26,,,0,35,,1111,26,,,0,75,,1341,26,,,0,35,,922,26,,,0,75,,2358,26,,,0,73,,3594,26,,,0,30,,1001,26,,,0,70,,235,26,,,0,30,,747,26,,,0,70,,2101,26,,,0,30,,1206,26,,,0,70,,2350,26,,,0,30,,784,26,,,0,70,,1516,26,,,0,30,,1162,26,,,0,70,,3600,26,,,0,45,,1807,26,,,0,87,,3596,26,,,0,74,,3599,26,,,0,36,,1133,26,,,0,82,,948,26,,,0,31,,1579,26,,,0,84,,3595,26,,,0,70,,3597,26,,,0,93,,58,26,,,0,28,,2024,26,,,0,70,,2171,26,,,0,100,,1000,26,,,0
2000,'2',800,,1485,26,,,0,100,,3601,26,,,0,100,,3603,26,,,0,100,,2314,26,,,0,100,,3604,26,,,0,100,,3608,26,,,0,100,,625,26,,,0,100,,2070,26,,,0,100,,3607,26,,,0,100,,3606,26,,,0,100,,3602,26,,,0,100,,3605,26,,,0,100,,872,26,,,0
2000,'3',900,,3609,26,,,0,100,,3616,26,,,0,100,,3612,26,,,0,100,,3610,26,,,0,100,,3614,26,,,0,100,,1812,26,,,0,100,,3611,26,,,0,100,,3613,26,,,0,100,,3618,26,,,0,100,,836,26,,,0,100,,3615,26,,,0,100,,3617,26,,,0
7101,'1',1521,,3810,40,0,42 28 43,0
