1400,'1',933,,4774,38,4,,1,100,,3486,38,4,,1,100,,3767,38,4,,1,100,,4775,38,4,,1,100,,4778,38,4,,1,100,,4767,38,4,,1,100,,4780,38,4,,1,100,,4777,38,4,,1,100,,4776,38,4,,1,100,,4779,38,4,,1,100,,4771,38,4,,1
1400,'2',833,,4789,38,4,,1,100,,625,38,4,,1,100,,4787,38,4,,1,100,,4792,38,4,,1,100,,4795,38,4,,1,100,,2921,38,4,,1,100,,4793,38,4,,1,100,,3316,38,4,,1,100,,4782,38,4,,1,100,,4800,38,4,,1,100,,2628,38,4,,1,100,,4794,38,4,,1,100,,4797,38,4,,1
1400,'3',727,,3908,38,4,,1,30,,4807,38,4,,1,70,,4803,38,4,,1,30,,3816,38,4,,1,70,,4805,38,4,,1,85,,681,38,4,,1,92,,2478,38,4,,1,100,,2446,38,4,,1,100,,2672,38,4,,1,100,,241,38,4,,1,100,,2610,38,4,,1,113,,1523,38,4,,1,103,,4811,38,4,,1,30,,4810,38,4,,1,70,,2772,38,4,,1,30,,469,38,4,,1,70,,4806,38,4,,1,27,,1860,38,4,,1,87,,3854,38,4,,1
1401,'1',843,,4829,1,,,1,100,,4819,1,,,1,100,,3487,1,,,1,100,,3886,1,,,1,100,,4817,1,,,1,100,,4828,1,,,1,100,,2709,1,,,1,100,,2931,1,,,1,100,,4815,1,,,1,100,,4830,1,,,1,100,,4823,1,,,1
1401,'2',743,,4844,1,,,1,100,,4839,1,,,1,100,,2682,1,,,1,100,,4832,1,,,1,100,,2746,1,,,1,100,,2621,1,,,1,100,,4843,1,,,1,100,,4834,1,,,1,100,,2914,1,,,1,100,,3151,1,,,1,100,,4846,1,,,1,100,,2742,1,,,1,100,,4835,1,,,1
1401,'3',613,,4852,1,,,1,30,,4856,1,,,1,70,,97,1,,,1,30,,3576,1,,,1,70,,2121,1,,,1,30,,4854,1,,,1,100,,4858,1,,,1,100,,4855,1,,,1,100,,195,1,,,1,100,,3259,1,,,1,100,,4866,1,,,1,100,,4861,1,,,1,100,,3833,1,,,1,100,,1150,1,,,1,70,,2802,1,,,1,30,,768,1,,,1,70,,4865,1,,,1,30,,2853,1,,,1,100,,2228,1,,,1
1001400,'1',907,,5290,43,4,,1,100,,5289,43,4,,1,100,,5300,43,4,,1,100,,2963,43,4,,1,100,,5294,43,4,,1,100,,5284,43,4,,1,100,,3878,43,4,,1,100,,5295,43,4,,1,100,,5299,43,4,,1,100,,5283,43,4,,1,100,,5297,43,4,,1,100,,5301,43,4,,1
1001400,'2',807,,5312,43,4,,1,100,,3865,43,4,,1,100,,5302,43,4,,1,100,,5307,43,4,,1,100,,5310,43,4,,1,100,,3868,43,4,,1,100,,5319,43,4,,1,100,,5314,43,4,,1,100,,5304,43,4,,1,100,,5303,43,4,,1,100,,383,43,4,,1,100,,5308,43,4,,1,100,,5313,43,4,,1,100,,3873,43,4,,1,100,,5306,43,4,,1,100,,5317,43,4,,1
1001400,'3',706,,3965,38,4,,1,35,,5333,38,4,,1,77,,3744,43,4,,1,30,,5332,43,4,,1,70,,5339,43,4,,1,30,,1069,43,4,,1,100,,3964,43,4,,1,92,,3595,43,4,,1,100,,5343,43,4,,1,100,,2371,43,4,,1,100,,5344,43,4,,1,100,,5337,43,4,,1,113,,1631,43,4,,1,88,,5331,43,4,,1,70,,1737,43,4,,1,30,,5347,43,4,,1,70,,5335,43,4,,1,30,,5330,43,4,,1,69,,3197,43,4,,1,100,,5329,43,4,,1,100,,2151,43,4,,1,100,,5328,43,4,,1
1001401,'1',812,,5350,1,0,23 21 20,1,100,,2956,1,0,23 21 20,1,100,,5364,1,0,23 21 20,1,100,,5354,1,0,23 21 20,1,100,,5356,1,0,23 21 20,1,100,,5363,1,0,23 21 20,1,100,,3522,1,0,23 21 20,1,100,,5353,1,0,23 21 20,1,100,,5357,1,0,23 21 20,1,100,,5359,1,0,23 21 20,1,100,,3556,1,0,23 21 20,1,100,,5352,1,0,23 21 20,1
1001401,'2',712,,5376,1,0,23 21 20,1,100,,5378,1,0,23 21 20,1,100,,3310,1,0,23 21 20,1,100,,3929,1,0,23 21 20,1,100,,5367,1,0,23 21 20,1,100,,3790,1,0,23 21 20,1,100,,5371,1,0,23 21 20,1,100,,5374,1,0,23 21 20,1,100,,5381,1,0,23 21 20,1,100,,5379,1,0,23 21 20,1,100,,5385,1,0,23 21 20,1,100,,5372,1,0,23 21 20,1,100,,627,1,0,23 21 20,1,100,,3028,1,0,23 21 20,1,100,,5377,1,0,23 21 20,1,100,,5366,1,0,23 21 20,1,95,,5370,1,0,23 21 20,1
1001401,'3',628,,999,1,0,23 21 20,1,30,,5404,1,0,23 21 20,1,70,,5411,1,0,23 21 20,1,30,,5398,1,0,23 21 20,1,64,,199,1,0,23 21 20,1,85,,789,1,0,23 21 20,1,100,,5410,1,0,23 21 20,1,100,,5390,1,0,23 21 20,1,100,,3746,1,0,23 21 20,1,100,,2494,1,0,23 21 20,1,100,,5402,1,0,23 21 20,1,100,,3496,1,0,23 21 20,1,100,,421,1,0,23 21 20,1,48,,5408,1,0,23 21 20,1,70,,5400,1,0,23 21 20,1,30,,5392,1,0,23 21 20,1,70,,397,1,0,23 21 20,1,82,,5397,1,0,23 21 20,1,100,,3432,1,0,23 21 20,1,100,,5406,1,0,23 21 20,1,103,,2525,1,0,23 21 20,1,100,,2725,1,0,23 21 20,1
