300,'1',813,,4131,17,,,1,100,,4132,17,,,1,100,,4124,17,,,1,100,,4126,17,,,1,100,,4128,17,,,1,100,,3163,17,,,1,100,,4134,17,,,1,100,,4127,17,,,1,100,,4129,17,,,1,100,,4125,17,,,1,100,,4133,17,,,1,100,,4130,17,,,1
300,'2',713,,4147,17,,,1,30,,4137,17,,,1,70,,4139,17,,,1,30,,4156,17,,,1,70,,3308,17,,,1,30,,4135,17,,,1,70,,1038,17,,,1,30,,4146,17,,,1,70,,2680,17,,,1,30,,4150,17,,,1,70,,4143,17,,,1,30,,4154,17,,,1,70,,4149,17,,,1,30,,4138,17,,,1,70,,4144,17,,,1,30,,4145,17,,,1,70,,3442,17,,,1,30,,3274,17,,,1,70,,4141,17,,,1,30,,3040,17,,,1,70,,3604,17,,,1,30,,4153,17,,,1,70,,4155,17,,,1,30,,4151,17,,,1,70,,2697,17,,,1,30,,4142,17,,,1,70,,4136,17,,,1,100,,4152,17,,,1,100,,4140,17,,,1,109,,4148,17,,,1
300,'3',604,,4169,17,,,1,37,,4159,17,,,1,60,,4174,17,,,1,26,,719,17,,,1,22,,3844,17,,,1,66,,4170,17,,,1,23,,265,17,,,1,65,,3620,17,,,1,23,,4164,17,,,1,20,,193,17,,,1,65,,1912,17,,,1,23,,4166,17,,,1,20,,4173,17,,,1,65,,4165,17,,,1,23,,2119,17,,,1,60,,4160,17,,,1,25,,3177,17,,,1,23,,3917,17,,,1,60,,4162,17,,,1,25,,2870,17,,,1,23,,4157,17,,,1,60,,544,17,,,1,25,,4171,17,,,1,63,,4167,17,,,1,20,,4172,17,,,1,26,,3400,17,,,1,63,,4163,17,,,1,25,,2734,17,,,1,68,,4158,17,,,1,22,,556,17,,,1,18,,3178,17,,,1,70,,955,17,,,1,27,,4168,17,,,1,62,,4161,17,,,1,28,,2375,17,,,1,16,,3351,17,,,1,63,,992,17,,,1,29,,3502,17,,,1,103,,3258,17,,,1,108,,3254,17,,,1
1001,'3',1432,,4654,19,,,1,70,,2075,19,,,1,30,,1928,19,,,1,70,,4658,19,,,1,30,,743,19,,,1,70,,4656,19,,,1,30,,4655,19,,,1
1801,'1',828,,4960,29,,,1,100,,4957,29,,,1,100,,4956,29,,,1,100,,4958,29,,,1,100,,4961,29,,,1,100,,3138,29,,,1,100,,1759,29,,,1,100,,4963,29,,,1,100,,2656,29,,,1,100,,4962,29,,,1,100,,1467,29,,,1,100,,4959,29,,,1
1801,'2',728,,3715,29,,,1,100,,4969,29,,,1,100,,3443,29,,,1,100,,4972,29,,,1,100,,4965,29,,,1,100,,1713,29,,,1,100,,4964,29,,,1,100,,4967,29,,,1,100,,4968,29,,,1,100,,4970,29,,,1,100,,4966,29,,,1,100,,4971,29,,,1,100,,3763,29,,,1
1801,'3',628,,4981,29,,,1,30,,3848,29,,,1,70,,4973,29,,,1,30,,4985,29,,,1,70,,3008,29,,,1,30,,1665,29,,,1,70,,2503,29,,,1,30,,3346,29,,,1,70,,3264,29,,,1,30,,4986,29,,,1,70,,4978,29,,,1,30,,1050,29,,,1,70,,1283,29,,,1,30,,4983,29,,,1,70,,1800,29,,,1,30,,4984,29,,,1,70,,1630,29,,,1,30,,4979,29,,,1,70,,4977,29,,,1,30,,4974,29,,,1,76,,3729,29,,,1,70,,4980,29,,,1,30,,4976,29,,,1,70,,917,29,,,1,30,,1799,29,,,1,24,,3191,29,,,1,70,,775,29,,,1,100,,4975,29,,,1,100,,4982,29,,,1
2801,'1',807,,5166,30,,,1,100,,3335,38,,,1,100,,5164,38,,,1,100,,5160,38,,,1,100,,5162,38,,,1,100,,5158,38,,,1,100,,5163,38,,,1,100,,5161,38,,,1,100,,1466,38,,,1,100,,5159,38,,,1,100,,5165,38,,,1,100,,2572,38,,,1,100,,5167,38,,,1
2801,'2',707,,5172,38,,,1,100,,5175,38,,,1,100,,5176,38,,,1,100,,5178,38,,,1,100,,2698,38,,,1,100,,5173,38,,,1,100,,5170,38,,,1,100,,5168,38,,,1,100,,5169,38,,,1,100,,5171,38,,,1,100,,3874,38,,,1,100,,5174,38,,,1,100,,1474,38,,,1,100,,5177,38,,,1
2801,'3',637,,5181,38,,,1,70,,3193,38,,,1,30,,5180,38,,,1,70,,5187,38,,,1,30,,5182,38,,,1,70,,988,38,,,1,30,,5186,38,,,1,70,,3920,38,,,1,30,,1342,38,,,1,70,,1116,38,,,1,30,,981,38,,,1,70,,3900,38,,,1,30,,3140,38,,,1,70,,5179,38,,,1,30,,2719,38,,,1,70,,5192,38,,,1,30,,1418,38,,,1,70,,1838,38,,,1,30,,5183,38,,,1,70,,5191,38,,,1,36,,419,38,,,1,70,,5185,38,,,1,30,,5188,38,,,1,70,,1330,38,,,1,30,,3733,38,,,1,64,,5184,38,,,1,30,,3836,38,,,1,70,,2376,38,,,1,100,,5189,38,,,1,100,,5190,38,,,1
