101,'1',742,,4047,2,0,39 1 9,1,70,,4042,2,0,39 1 9,1,30,,4051,2,0,39 1 9,1,70,,4054,2,0,39 1 9,1,30,,4059,2,0,39 1 9,1,70,,4055,2,0,39 1 9,1,30,,1377,2,0,39 1 9,1,70,,4049,2,0,39 1 9,1,30,,4050,2,0,39 1 9,1,70,,4057,2,0,39 1 9,1,30,,3642,2,0,39 1 9,1,70,,2652,2,0,39 1 9,1,30,,4060,2,0,39 1 9,1,70,,4046,2,0,39 1 9,1,30,,3485,2,0,39 1 9,1,70,,3286,2,0,39 1 9,1,30,,4056,2,0,39 1 9,1,70,,4045,2,0,39 1 9,1,30,,4052,2,0,39 1 9,1,70,,4053,2,0,39 1 9,1,30,,4041,2,0,39 1 9,1,70,,4043,2,0,39 1 9,1,30,,4058,2,0,39 1 9,1,70,,4048,2,0,39 1 9,1,30,,4044,2,0,39 1 9,1
101,'2',642,,1401,2,0,39 1 9,1,70,,4078,2,0,39 1 9,1,30,,3921,2,0,39 1 9,1,70,,4069,2,0,39 1 9,1,30,,4068,2,0,39 1 9,1,70,,4083,2,0,39 1 9,1,30,,4081,2,0,39 1 9,1,70,,4070,2,0,39 1 9,1,30,,4076,2,0,39 1 9,1,70,,4077,2,0,39 1 9,1,30,,4075,2,0,39 1 9,1,70,,4072,2,0,39 1 9,1,30,,4074,2,0,39 1 9,1,70,,4082,2,0,39 1 9,1,30,,4064,2,0,39 1 9,1,70,,4066,2,0,39 1 9,1,30,,3546,2,0,39 1 9,1,70,,4086,2,0,39 1 9,1,30,,4079,2,0,39 1 9,1,70,,4085,2,0,39 1 9,1,30,,4067,2,0,39 1 9,1,70,,3707,2,0,39 1 9,1,30,,4080,2,0,39 1 9,1,70,,4065,2,0,39 1 9,1,30,,4084,2,0,39 1 9,1,70,,2542,2,0,39 1 9,1,30,,4073,2,0,39 1 9,1,70,,4063,2,0,39 1 9,1,30,,4061,2,0,39 1 9,1,100,,4071,2,0,39 1 9,1,100,,4062,2,0,39 1 9,1
101,'3',542,,1205,2,0,39 1 9,1,10,,3295,2,0,39 1 9,1,50,,1103,2,0,39 1 9,1,10,,677,2,0,39 1 9,1,10,,4106,2,0,39 1 9,1,10,,1503,2,0,39 1 9,1,10,,4116,2,0,39 1 9,1,10,,4115,2,0,39 1 9,1,50,,4107,2,0,39 1 9,1,10,,4111,2,0,39 1 9,1,10,,3355,2,0,39 1 9,1,10,,252,2,0,39 1 9,1,10,,3782,2,0,39 1 9,1,10,,4101,2,0,39 1 9,1,50,,4090,2,0,39 1 9,1,10,,1357,2,0,39 1 9,1,10,,4114,2,0,39 1 9,1,10,,4097,2,0,39 1 9,1,10,,2598,2,0,39 1 9,1,10,,4119,2,0,39 1 9,1,50,,4118,2,0,39 1 9,1,15,,4117,2,0,39 1 9,1,15,,720,2,0,39 1 9,1,15,,4110,2,0,39 1 9,1,55,,4091,2,0,39 1 9,1,15,,3198,2,0,39 1 9,1,15,,2989,2,0,39 1 9,1,15,,4095,2,0,39 1 9,1,55,,4122,2,0,39 1 9,1,15,,1517,2,0,39 1 9,1,15,,3141,2,0,39 1 9,1,15,,4120,2,0,39 1 9,1,55,,3459,2,0,39 1 9,1,15,,702,2,0,39 1 9,1,15,,2609,2,0,39 1 9,1,15,,2599,2,0,39 1 9,1,55,,1187,2,0,39 1 9,1,15,,2577,2,0,39 1 9,1,15,,4098,2,0,39 1 9,1,15,,4094,2,0,39 1 9,1,55,,2347,2,0,39 1 9,1,15,,4112,2,0,39 1 9,1,15,,126,2,0,39 1 9,1,15,,1629,2,0,39 1 9,1,55,,3431,2,0,39 1 9,1,10,,4088,2,0,39 1 9,1,10,,4103,2,0,39 1 9,1,10,,4113,2,0,39 1 9,1,10,,4096,2,0,39 1 9,1,10,,3005,2,0,39 1 9,1,50,,2768,2,0,39 1 9,1,10,,4102,2,0,39 1 9,1,10,,3566,2,0,39 1 9,1,10,,2601,2,0,39 1 9,1,10,,1924,2,0,39 1 9,1,10,,1667,2,0,39 1 9,1,50,,1525,2,0,39 1 9,1,10,,3262,2,0,39 1 9,1,10,,2084,2,0,39 1 9,1,10,,4108,2,0,39 1 9,1,10,,4104,2,0,39 1 9,1,10,,993,2,0,39 1 9,1,50,,4121,2,0,39 1 9,1,10,,4123,2,0,39 1 9,1,10,,4093,2,0,39 1 9,1,10,,543,2,0,39 1 9,1,10,,4105,2,0,39 1 9,1,10,,4100,2,0,39 1 9,1,60,,2972,2,0,39 1 9,1,30,,2835,2,0,39 1 9,1,70,,4087,2,0,39 1 9,1,30,,4092,2,0,39 1 9,1,70,,4089,2,0,39 1 9,1,30,,773,2,0,39 1 9,1,70,,4109,2,0,39 1 9,1,30,,4099,2,0,39 1 9,1,70,,3497,2,0,39 1 9,1,30,,3256,2,0,11 12,1
1301,'1',843,,4734,2,,,1,100,,4733,2,,,1,100,,4732,2,,,1,100,,4735,2,,,1,100,,4737,2,,,1,100,,4730,2,,,1,100,,4729,2,,,1,100,,4728,2,,,1,100,,4736,2,,,1,100,,4731,2,,,1,100,,4738,2,,,1
1301,'2',743,,4739,2,,,1,100,,4749,2,,,1,100,,4748,2,,,1,100,,3602,2,,,1,100,,4745,2,,,1,100,,4740,2,,,1,100,,3362,2,,,1,100,,4744,2,,,1,100,,4747,2,,,1,100,,4743,2,,,1,100,,3049,2,,,1,100,,4742,2,,,1,100,,3515,2,,,1,100,,4741,2,,,1,100,,4746,2,,,1
1301,'3',603,,4755,2,,,1,35,,4761,2,,,1,70,,1577,2,,,1,25,,4757,2,,,1,70,,4764,2,,,1,34,,4758,2,,,1,70,,4754,2,,,1,30,,2203,2,,,1,65,,3694,2,,,1,25,,4753,2,,,1,25,,531,2,,,1,65,,4763,2,,,1,25,,2665,2,,,1,65,,4756,2,,,1,25,,3344,2,,,1,25,,788,2,,,1,65,,2876,2,,,1,25,,4760,2,,,1,66,,2988,2,,,1,25,,772,2,,,1,70,,4752,2,,,1,30,,4750,2,,,1,15,,2361,2,,,1,65,,4751,2,,,1,30,,3619,2,,,1,70,,1170,2,,,1,30,,1865,2,,,1,70,,3817,2,,,1,29,,430,2,,,1,66,,3697,2,,,1,26,,2775,2,,,1,66,,4762,2,,,1,26,,2867,2,,,1,26,,2713,2,,,1,66,,4759,2,,,1,26,,974,2,,,1,66,,3257,2,,,1,26,,2341,2,,,1,66,,2841,2,,,1
1900,'1',842,,4987,2,,,1,100,,4990,2,,,1,100,,4991,2,,,1,100,,4993,2,,,1,100,,4988,2,,,1,100,,2944,2,,,1,100,,4992,2,,,1,100,,3768,2,,,1,100,,4996,2,,,1,100,,4989,2,,,1,100,,4994,2,,,1,100,,4995,2,,,1
1900,'2',742,,1387,2,,,1,100,,5006,2,,,1,100,,1398,2,,,1,100,,5001,2,,,1,100,,4999,2,,,1,100,,5000,2,,,1,100,,5003,2,,,1,100,,4997,2,,,1,100,,5004,2,,,1,100,,1772,2,,,1,100,,3944,2,,,1,100,,4998,2,,,1,100,,5002,2,,,1,100,,5005,2,,,1
1900,'3',606,,5013,2,,,1,32,,3810,2,,,1,68,,5019,2,,,1,30,,5007,2,,,1,71,,5018,2,,,1,29,,2970,2,,,1,67,,5015,2,,,1,30,,5016,2,,,1,24,,2839,2,,,1,67,,5022,2,,,1,29,,526,2,,,1,64,,2265,2,,,1,27,,2487,2,,,1,69,,1850,2,,,1,24,,1048,2,,,1,67,,5020,2,,,1,29,,5011,2,,,1,20,,209,2,,,1,71,,5023,2,,,1,29,,2594,2,,,1,70,,5008,2,,,1,27,,3223,2,,,1,70,,5024,2,,,1,30,,3703,2,,,1,67,,5012,2,,,1,30,,5021,2,,,1,70,,3201,2,,,1,27,,5014,2,,,1,70,,1133,2,,,1,27,,5009,2,,,1,67,,467,2,,,1,30,,3662,2,,,1,90,,5010,2,,,1,30,,5017,2,,,1,90,,2076,2,,,1,70,,3307,2,,,1
2000,'1',841,,3648,2,,,1,100,,3807,2,,,1,100,,5067,2,,,1,100,,5065,2,,,1,100,,5069,2,,,1,100,,5064,2,,,1,100,,5066,2,,,1,100,,5068,2,,,1,100,,5073,2,,,1,100,,5071,2,,,1,100,,5070,2,,,1,100,,5072,2,,,1
2000,'2',741,,3042,2,,,1,100,,5074,2,,,1,100,,5078,2,,,1,100,,5076,2,,,1,100,,5079,2,,,1,100,,2702,2,,,1,100,,3032,2,,,1,100,,2555,2,,,1,100,,5082,2,,,1,100,,5081,2,,,1,100,,5075,2,,,1,100,,5080,2,,,1,100,,5077,2,,,1
2000,'3',611,,5088,2,,,1,35,,5091,2,,,1,75,,3139,2,,,1,35,,5094,2,,,1,75,,338,2,,,1,75,,5083,2,,,1,35,,5089,2,,,1,70,,5095,2,,,1,30,,3009,2,,,1,70,,5093,2,,,1,30,,2780,2,,,1,70,,3565,2,,,1,30,,3911,2,,,1,70,,117,2,,,1,30,,5090,2,,,1,70,,3531,2,,,1,30,,5092,2,,,1,77,,1868,2,,,1,87,,3665,2,,,1,34,,5084,2,,,1,76,,3650,2,,,1,42,,3464,2,,,1,71,,790,2,,,1,84,,2264,2,,,1,30,,5086,2,,,1,101,,5085,2,,,1,68,,5087,2,,,1,30,,2855,2,,,1,100,,3465,2,,,1
2601,'3',1747,,3114,2,,,1
12001,'3',636,,5272,2,0,37 1 38,1,70,,5273,2,0,37 1 38,1,30,,5270,2,0,37 1 38,1,70,,1444,2,0,37 1 38,1,30,,106,2,0,37 1 38,1,70,,682,2,0,37 1 38,1,100,,5274,2,0,37 1 38,1,500,,1273,2,0,37 1 38,1,30,,2080,2,0,37 1 38,1,65,,3811,2,0,37 1 38,1,26,,5271,2,0,37 1 38,1,79,,5277,2,0,37 1 38,1,25,,5276,2,0,37 1 38,1,75,,5275,2,0,37 1 38,1
