400,'1',822,,4230,1,0,53 45 20,1,100,,4235,1,0,53 45 20,1,100,,4229,1,0,53 45 20,1,100,,4228,1,0,53 45 20,1,100,,4233,1,0,53 45 20,1,100,,4231,1,0,53 45 20,1,100,,2758,1,0,53 45 20,1,100,,4232,1,0,53 45 20,1,100,,4226,1,0,53 45 20,1,100,,4234,1,0,53 45 20,1,100,,4236,1,0,53 45 20,1,100,,4227,1,0,53 45 20,1
400,'2',722,,4243,1,0,53 45 20,1,100,,4241,1,0,53 45 20,1,100,,3041,1,0,53 45 20,1,100,,3608,1,0,53 45 20,1,100,,3607,1,0,53 45 20,1,100,,4245,1,0,53 45 20,1,100,,3634,1,0,53 45 20,1,100,,4246,1,0,53 45 20,1,100,,2917,1,0,53 45 20,1,100,,3150,1,0,53 45 20,1,100,,4242,1,0,53 45 20,1,100,,4240,1,0,53 45 20,1,100,,4247,1,0,53 45 20,1,100,,4238,1,0,53 45 20,1,100,,4244,1,0,53 45 20,1,100,,4237,1,0,53 45 20,1,100,,4239,1,0,21 20,1
400,'3',618,,4249,1,0,53 45 20,1,36,,4259,1,0,53 45 20,1,65,,4250,1,0,53 45 20,1,21,,2449,1,0,53 45 20,1,69,,1055,1,0,53 45 20,1,20,,4248,1,0,53 45 20,1,26,,2358,1,0,53 45 20,1,64,,1903,1,0,53 45 20,1,25,,937,1,0,53 45 20,1,84,,4253,1,0,53 45 20,1,27,,4257,1,0,53 45 20,1,65,,196,1,0,53 45 20,1,81,,2517,1,0,53 45 20,1,30,,1743,1,0,53 45 20,1,25,,2267,1,0,53 45 20,1,81,,2495,1,0,53 45 20,1,70,,4251,1,0,53 45 20,1,25,,713,1,0,53 45 20,1,81,,4258,1,0,53 45 20,1,35,,4256,1,0,53 45 20,1,63,,3622,1,0,53 45 20,1,33,,4254,1,0,53 45 20,1,60,,3354,1,0,53 45 20,1,35,,1186,1,0,53 45 20,1,61,,4252,1,0,53 45 20,1,37,,132,1,0,53 45 20,1,19,,130,1,0,53 45 20,1,70,,1145,1,0,53 45 20,1,24,,344,1,0,53 45 20,1,68,,778,1,0,53 45 20,1,103,,3657,1,0,53 45 20,1,81,,4260,1,0,53 45 20,1,99,,4255,1,0,53 45 20,1,35,,3466,1,0,53 45 20,1
401,'1',816,,4271,24,4,,1,100,,2827,45,4,,1,100,,4266,45,4,,1,100,,4270,45,4,,1,100,,4262,45,4,,1,100,,4263,45,4,,1,100,,4268,45,4,,1,100,,4267,45,4,,1,100,,4264,45,4,,1,100,,1812,45,4,,1,100,,4261,45,4,,1,100,,4269,45,4,,1
401,'2',816,,4272,45,4,,1,100,,4278,45,4,,1,100,,4281,45,4,,1,100,,4276,45,4,,1,100,,4275,45,4,,1,100,,4277,45,4,,1,100,,3152,45,4,,1,100,,2919,45,4,,1,100,,4274,45,4,,1,100,,2820,45,4,,1,100,,4273,45,4,,1,100,,3936,45,4,,1,100,,4280,45,4,,1,100,,4279,45,4,,1,100,,3324,45,4,,1,100,,854,45,4,,1
401,'3',652,,2971,45,4,,1,65,,1261,45,4,,1,22,,4282,45,4,,1,64,,2717,45,4,,1,24,,4285,45,4,,1,25,,1322,45,4,,1,65,,3596,45,4,,1,25,,3147,45,4,,1,84,,1981,45,4,,1,27,,2801,45,4,,1,65,,1616,45,4,,1,41,,4292,45,4,,1,70,,4291,45,4,,1,25,,222,45,4,,1,81,,3825,45,4,,1,70,,4287,45,4,,1,25,,1122,45,4,,1,81,,4286,45,4,,1,36,,4290,45,4,,1,63,,463,45,4,,1,33,,4288,45,4,,1,58,,1908,45,4,,1,34,,4289,45,4,,1,24,,2729,45,4,,1,76,,4294,45,4,,1,20,,3819,45,4,,1,70,,3740,45,4,,1,24,,1964,45,4,,1,67,,84,45,4,,1,103,,4284,45,4,,1,81,,4293,45,4,,1,59,,1359,45,4,,1,75,,1624,45,4,,1,75,,4283,45,4,,1
1100,'3',626,,4667,1,,,1,100,,328,1,,,1,100,,4662,1,,,1,100,,4661,1,,,1,100,,4660,1,,,1,100,,4663,1,,,1,100,,90,1,,,1,100,,3187,1,,,1,100,,1982,1,,,1,100,,2985,1,,,1,104,,4664,1,,,1,111,,2673,1,,,1,100,,4665,1,,,1,100,,2170,1,,,1,100,,4666,1,,,1,100,,2765,1,,,1
1101,'3',623,,4671,38,4,,1,100,,4674,38,4,,1,90,,4673,38,4,,1,110,,1286,38,4,,1,100,,1988,38,4,,1,100,,911,38,4,,1,100,,4670,38,4,,1,100,,1166,38,4,,1,100,,4675,38,4,,1,100,,4677,38,4,,1,100,,4669,38,4,,1,115,,4668,38,4,,1,100,,3526,38,4,,1,100,,4672,38,4,,1,100,,1501,38,4,,1,100,,4676,38,4,,1
1200,'3',625,,4679,1,0,37 1 38,1,30,,2091,1,0,37 1 38,1,70,,4678,1,0,37 1 38,1,30,,2593,1,0,37 1 38,1,70,,1001,1,0,37 1 38,1,30,,2377,1,0,37 1 38,1,670,,2021,1,0,37 1 38,1,30,,1438,1,0,37 1 38,1,70,,235,1,0,37 1 38,1,26,,3349,1,0,37 1 38,1,74,,3532,1,0,37 1 38,1,26,,2669,1,0,37 1 38,1,74,,4680,1,0,37 1 38,1,30,,2837,1,0,37 1 38,1
1201,'3',620,,4682,19,4,,1,30,,3303,19,4,,1,70,,3345,26,4,,1,30,,4685,26,4,,1,70,,2846,26,4,,1,30,,394,26,4,,1,70,,4684,26,4,,1,30,,4681,26,4,,1,670,,3731,26,4,,1,30,,2223,26,4,,1,70,,247,26,4,,1,30,,81,26,4,,1,70,,3839,26,4,,1,30,,4683,26,4,,1,70,,1681,26,4,,1,30,,2023,26,4,,1
