300,'1',815,,4131,19,,,1,100,,4132,19,,,1,100,,4124,19,,,1,100,,4126,19,,,1,100,,4128,19,,,1,100,,3163,19,,,1,100,,4134,19,,,1,100,,4127,19,,,1,100,,4129,19,,,1,100,,4125,19,,,1,100,,4133,19,,,1,100,,4130,19,,,1
300,'2',715,,4147,19,,,1,30,,4137,19,,,1,70,,4139,19,,,1,30,,4156,19,,,1,70,,3308,19,,,1,30,,4135,19,,,1,70,,1038,19,,,1,30,,4146,19,,,1,70,,2680,19,,,1,30,,4150,19,,,1,70,,4143,19,,,1,30,,4154,19,,,1,70,,4149,19,,,1,30,,4138,19,,,1,70,,4144,19,,,1,30,,4145,19,,,1,70,,3442,19,,,1,30,,3274,19,,,1,70,,4141,19,,,1,30,,3040,19,,,1,70,,3604,19,,,1,30,,4153,19,,,1,70,,4155,19,,,1,30,,4151,19,,,1,70,,2697,19,,,1,30,,4142,19,,,1,70,,4136,19,,,1,100,,4152,19,,,1,100,,4140,19,,,1,109,,4148,19,,,1
300,'3',606,,4169,19,,,1,37,,4159,19,,,1,60,,4174,19,,,1,26,,719,19,,,1,22,,3844,19,,,1,66,,4170,19,,,1,23,,265,19,,,1,65,,3620,19,,,1,23,,4164,19,,,1,20,,193,19,,,1,65,,1912,19,,,1,23,,4166,19,,,1,20,,4173,19,,,1,65,,4165,19,,,1,23,,2119,19,,,1,60,,4160,19,,,1,25,,3177,19,,,1,23,,3917,19,,,1,60,,4162,19,,,1,25,,2870,19,,,1,63,,4157,19,,,1,20,,544,19,,,1,25,,4171,19,,,1,63,,4167,19,,,1,20,,4172,19,,,1,26,,3400,19,,,1,63,,4163,19,,,1,25,,2734,19,,,1,70,,4158,19,,,1,22,,556,19,,,1,16,,3178,19,,,1,70,,955,19,,,1,27,,4168,19,,,1,64,,4161,19,,,1,29,,2375,19,,,1,13,,3351,19,,,1,63,,992,19,,,1,29,,3502,19,,,1,103,,3258,19,,,1,108,,3254,19,,,1
301,'1',845,,4185,8,,,1,100,,4184,8,,,1,100,,4181,8,,,1,100,,4182,8,,,1,100,,4177,8,,,1,100,,4183,8,,,1,100,,4175,8,,,1,100,,4179,8,,,1,100,,1087,8,,,1,100,,4176,8,,,1,100,,4180,8,,,1,100,,4178,8,,,1
301,'2',715,,4197,8,,,1,30,,4190,8,,,1,70,,2816,8,,,1,30,,1480,8,,,1,70,,4187,8,,,1,30,,4202,8,,,1,70,,2792,8,,,1,30,,4186,8,,,1,70,,4192,8,,,1,30,,4194,8,,,1,70,,43,8,,,1,30,,2537,8,,,1,70,,4196,8,,,1,30,,4193,8,,,1,70,,4198,8,,,1,30,,4188,8,,,1,70,,4204,8,,,1,30,,3373,8,,,1,70,,4205,8,,,1,30,,2700,8,,,1,70,,4195,8,,,1,30,,4191,8,,,1,70,,4206,8,,,1,30,,1100,8,,,1,70,,4203,8,,,1,30,,4199,8,,,1,100,,1955,8,,,1,100,,4200,8,,,1,100,,4201,8,,,1,102,,4189,8,,,1
301,'3',607,,3186,8,,,1,20,,224,8,,,1,24,,4220,8,,,1,64,,927,8,,,1,26,,3302,8,,,1,63,,1866,8,,,1,22,,4217,8,,,1,26,,4219,8,,,1,63,,202,8,,,1,25,,4214,8,,,1,63,,3529,8,,,1,20,,4218,8,,,1,25,,704,8,,,1,63,,3742,8,,,1,20,,3458,8,,,1,25,,4222,8,,,1,63,,2858,8,,,1,20,,314,8,,,1,65,,3814,8,,,1,23,,4215,8,,,1,20,,4224,8,,,1,65,,4213,8,,,1,23,,4212,8,,,1,20,,3252,8,,,1,65,,4216,8,,,1,23,,3666,8,,,1,65,,4210,8,,,1,25,,4225,8,,,1,23,,2213,8,,,1,60,,4209,8,,,1,30,,4223,8,,,1,67,,2526,8,,,1,20,,962,8,,,1,26,,4207,8,,,1,63,,3105,8,,,1,23,,4211,8,,,1,69,,1324,8,,,1,103,,4221,8,,,1,108,,4208,8,,,1,108,,3209,8,,,1
400,'1',855,,4230,43,4,,1,100,,4235,43,4,,1,100,,4229,43,4,,1,100,,4228,43,4,,1,100,,4233,43,4,,1,100,,4231,43,4,,1,100,,2758,43,4,,1,100,,4232,43,4,,1,100,,4226,43,4,,1,100,,4234,43,4,,1,100,,4236,43,4,,1,100,,4227,43,4,,1
400,'2',755,,4243,43,4,,1,100,,4241,43,4,,1,100,,3041,43,4,,1,100,,3608,43,4,,1,100,,3607,43,4,,1,100,,4245,43,4,,1,100,,3634,43,4,,1,100,,4246,43,4,,1,100,,2917,43,4,,1,100,,3150,43,4,,1,100,,4242,43,4,,1,100,,4240,43,4,,1,100,,4247,43,4,,1,100,,4238,43,4,,1,100,,4244,43,4,,1,100,,4237,43,4,,1
400,'3',701,,4249,43,4,,1,34,,4259,43,4,,1,67,,4250,43,4,,1,19,,2449,43,4,,1,31,,1055,43,4,,1,60,,4248,43,4,,1,24,,2358,43,4,,1,66,,1903,43,4,,1,25,,937,43,4,,1,84,,4253,43,4,,1,27,,4257,43,4,,1,65,,196,43,4,,1,41,,2517,43,4,,1,70,,1743,43,4,,1,25,,2267,43,4,,1,81,,2495,43,4,,1,30,,4251,43,4,,1,65,,713,43,4,,1,89,,4258,43,4,,1,35,,4256,43,4,,1,63,,3622,43,4,,1,33,,4254,43,4,,1,20,,3354,43,4,,1,75,,1186,43,4,,1,21,,4252,43,4,,1,77,,132,43,4,,1,19,,130,43,4,,1,62,,1145,43,4,,1,24,,344,43,4,,1,68,,778,43,4,,1,103,,3657,43,4,,1,41,,4260,43,4,,1,99,,4255,43,4,,1,75,,3466,43,4,,1
401,'1',835,,2827,1,0,52 19 20,1,100,,4266,1,0,52 19 20,1,100,,4270,1,0,52 19 20,1,100,,4262,1,0,52 19 20,1,100,,4263,1,0,52 19 20,1,100,,4268,1,0,52 19 20,1,100,,4267,1,0,52 19 20,1,100,,4264,1,0,52 19 20,1,100,,1812,1,0,52 19 20,1,100,,4261,1,0,52 19 20,1,100,,4269,1,0,52 19 20,1,100,,4265,1,0,21 20,1
401,'2',735,,4272,1,0,52 19 20,1,100,,4278,1,0,52 19 20,1,100,,4281,1,0,52 19 20,1,100,,4276,1,0,52 19 20,1,100,,4275,1,0,52 19 20,1,100,,4277,1,0,52 19 20,1,100,,3152,1,0,52 19 20,1,100,,2919,1,0,52 19 20,1,100,,4274,1,0,52 19 20,1,100,,2820,1,0,52 19 20,1,100,,4273,1,0,52 19 20,1,100,,3936,1,0,52 19 20,1,100,,4280,1,0,52 19 20,1,100,,4279,1,0,52 19 20,1,100,,3324,1,0,52 19 20,1,100,,854,1,0,52 19 20,1
401,'3',606,,2971,1,0,52 19 20,1,25,,1261,1,0,52 19 20,1,22,,4282,1,0,52 19 20,1,66,,2717,1,0,52 19 20,1,20,,4285,1,0,52 19 20,1,67,,1322,1,0,52 19 20,1,25,,3596,1,0,52 19 20,1,25,,3147,1,0,52 19 20,1,84,,1981,1,0,52 19 20,1,67,,2801,1,0,52 19 20,1,25,,1616,1,0,52 19 20,1,81,,4292,1,0,52 19 20,1,30,,4291,1,0,52 19 20,1,65,,222,1,0,52 19 20,1,41,,3825,1,0,52 19 20,1,70,,4287,1,0,52 19 20,1,25,,1122,1,0,52 19 20,1,81,,4286,1,0,52 19 20,1,30,,4290,1,0,52 19 20,1,63,,463,1,0,52 19 20,1,33,,4288,1,0,52 19 20,1,58,,1908,1,0,52 19 20,1,34,,4289,1,0,52 19 20,1,64,,2729,1,0,52 19 20,1,36,,4294,1,0,52 19 20,1,60,,3819,1,0,52 19 20,1,30,,3740,1,0,52 19 20,1,24,,1964,1,0,52 19 20,1,73,,84,1,0,52 19 20,1,103,,4284,1,0,52 19 20,1,77,,4293,1,0,52 19 20,1,103,,1359,1,0,52 19 20,1,35,,1624,1,0,52 19 20,1,75,,4283,1,0,52 19 20,1
600,'1',835,,4584,52,4,,1,103,,4582,52,4,,1,100,,1879,52,4,,1,100,,4585,52,4,,1,100,,4583,52,4,,1,100,,18,52,4,,1,100,,3692,52,4,,1,100,,4578,52,4,,1,100,,4579,52,4,,1,100,,4581,52,4,,1,100,,4577,52,4,,1,100,,4580,52,4,,1
600,'2',733,,4591,52,4,,1,105,,3478,52,4,,1,100,,4594,52,4,,1,100,,4588,52,4,,1,100,,4589,52,4,,1,100,,4590,52,4,,1,100,,4592,52,4,,1,100,,4587,52,4,,1,100,,4586,52,4,,1,100,,4593,52,4,,1,100,,3365,52,4,,1,100,,2535,52,4,,1,100,,4595,52,4,,1
600,'3',744,,4598,52,4,,1,65,,4605,52,4,,1,25,,4603,52,4,,1,25,,4607,52,4,,1,65,,4604,52,4,,1,25,,1199,52,4,,1,65,,4608,52,4,,1,34,,2604,52,4,,1,75,,4602,52,4,,1,35,,2273,52,4,,1,75,,4601,52,4,,1,75,,3169,52,4,,1,35,,4610,52,4,,1,75,,3664,52,4,,1,35,,4597,52,4,,1,75,,1848,52,4,,1,79,,739,52,4,,1,28,,4600,52,4,,1,65,,4606,52,4,,1,25,,4596,52,4,,1,25,,1152,52,4,,1,65,,1511,52,4,,1,25,,415,52,4,,1,65,,1808,52,4,,1,25,,2880,52,4,,1,21,,4599,52,4,,1,65,,236,52,4,,1,22,,2589,52,4,,1,65,,2270,52,4,,1,25,,4609,52,4,,1
601,'1',809,,4618,1,0,5 6 1 7,1,100,,4619,1,0,5 6 1 7,1,100,,4613,1,0,5 6 1 7,1,100,,4612,1,0,5 6 1 7,1,100,,4617,1,0,5 6 1 7,1,100,,4616,1,0,5 6 1 7,1,100,,4615,1,0,5 6 1 7,1,100,,4614,1,0,5 6 1 7,1,100,,4611,1,0,5 6 1 7,1,100,,2404,1,0,5 6 1 7,1,100,,4620,1,0,5 6 1 7,1,100,,4621,1,0,5 6 1 7,1
601,'2',709,,4622,1,0,5 6 1 7,1,100,,4626,1,0,5 6 1 7,1,100,,4623,1,0,5 6 1 7,1,100,,4624,1,0,5 6 1 7,1,100,,3377,1,0,5 6 1 7,1,100,,2745,1,0,5 6 1 7,1,100,,4631,1,0,5 6 1 7,1,100,,4627,1,0,5 6 1 7,1,100,,4629,1,0,5 6 1 7,1,100,,1093,1,0,5 6 1 7,1,100,,4630,1,0,5 6 1 7,1,100,,4625,1,0,5 6 1 7,1,100,,4628,1,0,5 6 1 7,1
601,'3',610,,3696,1,0,5 6 1 7,1,25,,4640,1,0,5 6 1 7,1,65,,781,1,0,5 6 1 7,1,25,,4641,1,0,5 6 1 7,1,25,,969,1,0,5 6 1 7,1,65,,4636,1,0,5 6 1 7,1,25,,4646,1,0,5 6 1 7,1,75,,3562,1,0,5 6 1 7,1,35,,4637,1,0,5 6 1 7,1,75,,207,1,0,5 6 1 7,1,75,,2467,1,0,5 6 1 7,1,35,,4632,1,0,5 6 1 7,1,75,,2171,1,0,5 6 1 7,1,35,,4634,1,0,5 6 1 7,1,75,,2518,1,0,5 6 1 7,1,35,,4633,1,0,5 6 1 7,1,75,,4635,1,0,5 6 1 7,1,25,,4638,1,0,5 6 1 7,1,65,,4643,1,0,5 6 1 7,1,25,,3627,1,0,5 6 1 7,1,65,,2497,1,0,5 6 1 7,1,25,,4642,1,0,5 6 1 7,1,65,,4639,1,0,5 6 1 7,1,25,,4644,1,0,5 6 1 7,1,25,,4645,1,0,5 6 1 7,1,65,,1807,1,0,5 6 1 7,1,25,,2849,1,0,5 6 1 7,1,65,,2845,1,0,5 6 1 7,1,25,,2584,1,0,5 6 1 7,1,25,,3568,1,0,5 6 1 7,1
1000,'3',716,,2872,1,,,1,30,,4649,1,,,1,70,,3751,1,,,1,30,,4647,1,,,1,70,,3840,1,,,1,30,,4651,1,,,1,70,,2528,1,,,1,424,,968,1,,,1,70,,1775,1,,,1,30,,703,1,,,1,70,,2527,1,,,1,30,,3455,1,,,1,70,,4650,1,,,1,30,,4648,1,,,1
1001,'3',705,,4652,32,4,,1,30,,4659,32,4,,1,70,,3181,32,4,,1,30,,4657,32,4,,1,70,,4653,32,4,,1,30,,1846,32,4,,1,70,,1927,32,4,,1,430,,4654,21,4,,1,70,,2075,21,4,,1,30,,1928,21,4,,1,70,,4658,21,4,,1,30,,743,21,4,,1,70,,4656,21,4,,1,30,,4655,21,4,,1
1300,'1',835,,4692,1,,,1,100,,4698,1,,,1,100,,4689,1,,,1,100,,4693,1,,,1,100,,4691,1,,,1,100,,4695,1,,,1,100,,4686,1,,,1,100,,4697,1,,,1,100,,4694,1,,,1,100,,4690,1,,,1,100,,4688,1,,,1,100,,4687,1,,,1
1300,'2',735,,4700,1,,,1,100,,4704,1,,,1,100,,3235,1,,,1,100,,4703,1,,,1,100,,4699,1,,,1,100,,4705,1,,,1,100,,3930,1,,,1,100,,3233,1,,,1,100,,4701,1,,,1,100,,4702,1,,,1,100,,2741,1,,,1,100,,3578,1,,,1,100,,186,1,,,1,100,,2534,1,,,1,100,,4707,1,,,1
1300,'3',620,,3348,1,,,1,23,,4712,1,,,1,79,,4725,1,,,1,30,,402,1,,,1,65,,4722,1,,,1,30,,4710,1,,,1,69,,4711,1,,,1,30,,262,1,,,1,70,,4718,1,,,1,25,,432,1,,,1,65,,4708,1,,,1,25,,4714,1,,,1,25,,4720,1,,,1,65,,1409,1,,,1,25,,3263,1,,,1,65,,108,1,,,1,25,,4721,1,,,1,65,,3179,1,,,1,25,,2724,1,,,1,31,,4715,1,,,1,65,,4723,1,,,1,30,,2987,1,,,1,70,,4719,1,,,1,15,,2774,1,,,1,65,,3463,1,,,1,30,,4717,1,,,1,70,,4726,1,,,1,28,,1173,1,,,1,72,,3467,1,,,1,23,,62,1,,,1,26,,1356,1,,,1,66,,4709,1,,,1,26,,748,1,,,1,66,,722,1,,,1,26,,2032,1,,,1,66,,312,1,,,1,26,,4716,1,,,1,26,,4713,1,,,1,66,,1565,1,,,1,26,,4724,1,,,1
1301,'1',815,,4727,40,4,,1,100,,4734,43,4,,1,100,,4733,43,4,,1,100,,4732,43,4,,1,100,,4735,43,4,,1,100,,4737,43,4,,1,100,,4730,43,4,,1,100,,4729,43,4,,1,100,,4728,43,4,,1,100,,4736,43,4,,1,100,,4731,43,4,,1,100,,4738,43,4,,1
1301,'2',715,,3052,40,4,,1,100,,4739,43,4,,1,100,,4749,43,4,,1,100,,4748,43,4,,1,100,,3602,43,4,,1,100,,4745,43,4,,1,100,,4740,43,4,,1,100,,3362,43,4,,1,100,,4744,43,4,,1,100,,4747,43,4,,1,100,,4743,43,4,,1,100,,3049,43,4,,1,100,,4742,43,4,,1,100,,3515,43,4,,1,100,,4741,43,4,,1,100,,4746,43,4,,1
1301,'3',642,,4755,43,4,,1,75,,4761,43,4,,1,30,,1577,43,4,,1,65,,4757,43,4,,1,30,,4764,43,4,,1,69,,4758,43,4,,1,30,,4754,43,4,,1,70,,2203,43,4,,1,25,,3694,43,4,,1,65,,4753,43,4,,1,25,,531,43,4,,1,25,,4763,43,4,,1,65,,2665,43,4,,1,25,,4756,43,4,,1,65,,3344,43,4,,1,25,,788,43,4,,1,25,,2876,43,4,,1,65,,4760,43,4,,1,31,,2988,43,4,,1,65,,772,43,4,,1,30,,4752,43,4,,1,70,,4750,43,4,,1,15,,2361,43,4,,1,25,,4751,43,4,,1,70,,3619,43,4,,1,30,,1170,43,4,,1,70,,1865,43,4,,1,30,,3817,43,4,,1,64,,430,43,4,,1,26,,3697,43,4,,1,66,,2775,43,4,,1,26,,4762,43,4,,1,66,,2867,43,4,,1,26,,2713,43,4,,1,26,,4759,43,4,,1,66,,974,43,4,,1,26,,3257,43,4,,1,66,,2341,43,4,,1,26,,2841,43,4,,1
1800,'1',815,,4928,1,,,1,100,,3645,1,,,1,100,,2570,1,,,1,100,,2131,1,,,1,100,,4929,1,,,1,100,,4927,1,,,1,100,,4921,1,,,1,100,,4926,1,,,1,100,,4923,1,,,1,100,,4922,1,,,1,100,,4925,1,,,1,100,,4924,1,,,1
1800,'2',715,,4930,1,,,1,100,,4931,1,,,1,100,,2897,1,,,1,100,,4937,1,,,1,100,,872,1,,,1,100,,4936,1,,,1,100,,4932,1,,,1,100,,3125,1,,,1,100,,4939,1,,,1,100,,4934,1,,,1,100,,4933,1,,,1,100,,4935,1,,,1,100,,4938,1,,,1
1800,'3',615,,4947,1,,,1,30,,4950,1,,,1,70,,3343,1,,,1,30,,4944,1,,,1,70,,779,1,,,1,30,,4954,1,,,1,70,,4942,1,,,1,30,,228,1,,,1,70,,2864,1,,,1,30,,3535,1,,,1,70,,4955,1,,,1,30,,4951,1,,,1,70,,4940,1,,,1,30,,4945,1,,,1,70,,3290,1,,,1,30,,931,1,,,1,70,,4949,1,,,1,30,,2207,1,,,1,70,,3623,1,,,1,30,,2714,1,,,1,70,,1426,1,,,1,30,,4943,1,,,1,70,,4946,1,,,1,30,,4948,1,,,1,70,,2502,1,,,1,30,,122,1,,,1,70,,4952,1,,,1,30,,4953,1,,,1,70,,4941,1,,,1,100,,1137,1,,,1
1801,'1',830,,4960,31,4,,1,100,,4957,31,4,,1,100,,4956,31,4,,1,100,,4958,31,4,,1,100,,4961,31,4,,1,100,,3138,31,4,,1,100,,1759,31,4,,1,100,,4963,31,4,,1,100,,2656,31,4,,1,100,,4962,31,4,,1,100,,1467,31,4,,1,100,,4959,31,4,,1
1801,'2',730,,3715,31,4,,1,100,,4969,31,4,,1,100,,3443,31,4,,1,100,,4972,31,4,,1,100,,4965,31,4,,1,100,,1713,31,4,,1,100,,4964,31,4,,1,100,,4967,31,4,,1,100,,4968,31,4,,1,100,,4970,31,4,,1,100,,4966,31,4,,1,100,,4971,31,4,,1,100,,3763,31,4,,1
1801,'3',630,,4981,31,4,,1,70,,3848,31,4,,1,30,,4973,31,4,,1,70,,4985,31,4,,1,30,,3008,31,4,,1,70,,1665,31,4,,1,30,,2503,31,4,,1,70,,3346,31,4,,1,30,,3264,31,4,,1,70,,4986,31,4,,1,30,,4978,31,4,,1,70,,1050,31,4,,1,30,,1283,31,4,,1,70,,4983,31,4,,1,30,,1800,31,4,,1,70,,4984,31,4,,1,30,,1630,31,4,,1,70,,4979,31,4,,1,30,,4977,31,4,,1,70,,4974,31,4,,1,36,,3729,31,4,,1,70,,4980,31,4,,1,30,,4976,31,4,,1,70,,917,31,4,,1,30,,1799,31,4,,1,64,,3191,31,4,,1,30,,775,31,4,,1,100,,4975,31,4,,1,100,,4982,31,4,,1
2800,'1',837,,5127,1,,,1,100,,5131,1,,,1,100,,5129,1,,,1,100,,5134,1,,,1,100,,5136,1,,,1,100,,3896,1,,,1,100,,5128,1,,,1,100,,5135,1,,,1,100,,5132,1,,,1,100,,3691,1,,,1,100,,5133,1,,,1,100,,5130,1,,,1
2800,'2',737,,5143,1,,,1,100,,5142,1,,,1,100,,5144,1,,,1,100,,3126,1,,,1,100,,3276,1,,,1,100,,5139,1,,,1,100,,5140,1,,,1,100,,2881,1,,,1,100,,5141,1,,,1,100,,5137,1,,,1,100,,5138,1,,,1,100,,5146,1,,,1,100,,2817,1,,,1
2800,'3',607,,493,1,,,1,30,,3777,1,,,1,70,,2020,1,,,1,30,,2120,1,,,1,70,,3841,1,,,1,30,,5157,1,,,1,70,,5151,1,,,1,30,,5156,1,,,1,70,,5150,1,,,1,30,,2514,1,,,1,70,,5152,1,,,1,30,,1285,1,,,1,70,,2602,1,,,1,30,,5149,1,,,1,70,,1586,1,,,1,30,,5148,1,,,1,70,,3199,1,,,1,30,,1748,1,,,1,70,,5153,1,,,1,30,,5154,1,,,1,70,,1434,1,,,1,30,,1731,1,,,1,70,,5147,1,,,1,30,,1524,1,,,1,70,,258,1,,,1,30,,2448,1,,,1,70,,3145,1,,,1,30,,3265,1,,,1,100,,3402,1,,,1,172,,5155,1,,,1
2801,'1',809,,5166,32,4,,1,100,,3335,40,4,,1,100,,5164,40,4,,1,100,,5160,40,4,,1,100,,5162,40,4,,1,100,,5158,40,4,,1,100,,5163,40,4,,1,100,,5161,40,4,,1,100,,1466,40,4,,1,100,,5159,40,4,,1,100,,5165,40,4,,1,100,,2572,40,4,,1,100,,5167,40,4,,1
2801,'2',709,,5172,40,4,,1,100,,5175,40,4,,1,100,,5176,40,4,,1,100,,5178,40,4,,1,100,,2698,40,4,,1,100,,5173,40,4,,1,100,,5170,40,4,,1,100,,5168,40,4,,1,100,,5169,40,4,,1,100,,5171,40,4,,1,100,,3874,40,4,,1,100,,5174,40,4,,1,100,,1474,40,4,,1,100,,5177,40,4,,1
2801,'3',639,,5181,40,4,,1,70,,3193,40,4,,1,30,,5180,40,4,,1,70,,5187,40,4,,1,30,,5182,40,4,,1,70,,988,40,4,,1,30,,5186,40,4,,1,70,,3920,40,4,,1,30,,1342,40,4,,1,70,,1116,40,4,,1,30,,981,40,4,,1,70,,3900,40,4,,1,30,,3140,40,4,,1,70,,5179,40,4,,1,30,,2719,40,4,,1,70,,5192,40,4,,1,30,,1418,40,4,,1,70,,1838,40,4,,1,30,,5183,40,4,,1,70,,5191,40,4,,1,36,,419,40,4,,1,70,,5185,40,4,,1,30,,5188,40,4,,1,70,,1330,40,4,,1,30,,3733,40,4,,1,64,,5184,40,4,,1,30,,3836,40,4,,1,70,,2376,40,4,,1,100,,5189,40,4,,1,100,,5190,40,4,,1
3400,'3',704,,929,1,,,1,31,,5198,1,,,1,74,,5193,1,,,1,834,,59,1,,,1,60,,5196,1,,,1,30,,5194,1,,,1,70,,5195,1,,,1,30,,2848,1,,,1,77,,5197,1,,,1,30,,1790,1,,,1
3401,'3',745,,423,23,4,,1,74,,2578,23,4,,1,30,,1580,23,4,,1,874,,5200,23,4,,1,20,,5202,23,4,,1,70,,5203,23,4,,1,30,,5199,23,4,,1,70,,2843,23,4,,1,37,,5201,23,4,,1,70,,3300,23,4,,1
