1400,'1',641,,3290,15,,,0,70,,3297,15,,,0,30,,1264,15,,,0,70,,3300,15,,,0,30,,738,15,,,0,85,,414,15,,,0,98,,2497,15,,,0,100,,328,15,,,0,100,,3299,15,,,0,100,,3303,15,,,0,100,,702,15,,,0,104,,3306,15,,,0,106,,234,15,,,0,70,,3293,15,,,0,30,,68,15,,,0,70,,3292,15,,,0,30,,3305,15,,,0,24,,3304,15,,,0,96,,3298,15,,,0
1400,'2',753,,3311,15,,,0,100,,3309,15,,,0,100,,3324,15,,,0,100,,2005,15,,,0,100,,646,15,,,0,100,,3317,15,,,0,100,,3325,15,,,0,100,,2307,15,,,0,100,,2331,15,,,0,100,,1889,15,,,0,100,,3310,15,,,0,100,,3315,15,,,0,100,,3312,15,,,0
1400,'3',853,,3341,15,,,0,100,,3331,15,,,0,100,,3332,15,,,0,100,,3328,15,,,0,100,,3336,15,,,0,100,,3327,15,,,0,100,,1547,15,,,0,100,,2399,15,,,0,100,,3335,15,,,0,100,,3330,15,,,0,100,,3334,15,,,0
1401,'1',630,,2375,17,,,0,73,,2223,17,,,0,30,,1069,17,,,0,70,,3345,17,,,0,30,,3350,17,,,0,70,,1127,17,,,0,30,,1694,17,,,0,92,,960,17,,,0,100,,3347,17,,,0,100,,2458,17,,,0,100,,3353,17,,,0,100,,3354,17,,,0,100,,3344,17,,,0,111,,3349,17,,,0,100,,2486,17,,,0,70,,940,17,,,0,30,,3358,17,,,0,70,,1838,17,,,0,30,,404,17,,,0,89,,545,17,,,0
1401,'2',725,,3377,17,,,0,100,,3367,17,,,0,100,,3359,17,,,0,100,,3373,17,,,0,100,,3371,17,,,0,100,,3362,17,,,0,100,,3378,17,,,0,100,,3376,17,,,0,100,,3370,17,,,0,100,,3372,17,,,0,100,,1835,17,,,0,100,,3366,17,,,0,100,,3375,17,,,0,100,,3361,17,,,0
1401,'3',825,,3393,17,,,0,100,,3394,17,,,0,100,,820,17,,,0,100,,3382,17,,,0,100,,3387,17,,,0,100,,3385,17,,,0,100,,3396,17,,,0,100,,585,17,,,0,100,,1366,17,,,0,100,,3379,17,,,0,100,,3388,17,,,0,100,,3383,17,,,0
8301,'1',1501,,2240,14,,,0
1001400,'1',621,,1739,15,0,23 24 20,0,35,,1526,15,0,23 24 20,0,70,,254,15,0,23 24 20,0,30,,3849,15,0,23 24 20,0,70,,2231,15,0,23 24 20,0,30,,3841,15,0,23 24 20,0,100,,739,15,0,23 24 20,0,98,,3837,15,0,23 24 20,0,100,,62,15,0,23 24 20,0,100,,1514,15,0,23 24 20,0,100,,1019,15,0,23 24 20,0,100,,3842,15,0,23 24 20,0,104,,1409,15,0,23 24 20,0,91,,710,15,0,23 24 20,0,70,,989,15,0,23 24 20,0,30,,3850,15,0,23 24 20,0,70,,1678,15,0,23 24 20,0,30,,984,15,0,23 24 20,0,75,,3854,15,0,23 24 20,0,100,,415,15,0,23 24 20,0,100,,3839,15,0,23 24 20,0,100,,3848,15,0,23 24 20,0,129,,3840,15,0,25 3 26,0
1001400,'2',723,,3877,15,0,23 24 20,0,100,,3859,15,0,23 24 20,0,100,,524,15,0,23 24 20,0,100,,3871,15,0,23 24 20,0,100,,627,15,0,23 24 20,0,100,,3875,15,0,23 24 20,0,100,,3870,15,0,23 24 20,0,100,,3865,15,0,23 24 20,0,100,,3874,15,0,23 24 20,0,100,,1829,15,0,23 24 20,0,100,,1558,15,0,23 24 20,0,100,,3863,15,0,23 24 20,0,100,,3869,15,0,23 24 20,0,100,,3860,15,0,23 24 20,0,100,,2148,15,0,23 24 20,0,100,,1713,15,0,23 24 20,0,130,,3876,15,0,25 3 26,0
1001400,'3',823,,3888,15,0,23 24 20,0,100,,1756,15,0,23 24 20,0,100,,3884,15,0,23 24 20,0,100,,805,15,0,23 24 20,0,100,,3893,15,0,23 24 20,0,100,,3881,15,0,23 24 20,0,100,,3883,15,0,23 24 20,0,100,,3891,15,0,23 24 20,0,100,,3882,15,0,23 24 20,0,100,,3887,15,0,23 24 20,0,100,,3886,15,0,23 24 20,0,100,,3894,15,0,23 24 20,0
1001401,'1',555,,3898,2,0,23 21 20,0,92,,3920,17,0,23 21 20,0,73,,1189,17,0,23 21 20,0,30,,1586,17,0,23 21 20,0,70,,3912,17,0,23 21 20,0,30,,2461,17,0,23 21 20,0,68,,3900,17,0,23 21 20,0,35,,721,17,0,23 21 20,0,100,,681,17,0,23 21 20,0,100,,3908,17,0,23 21 20,0,100,,2267,17,0,23 21 20,0,100,,3902,17,0,23 21 20,0,100,,3899,17,0,23 21 20,0,152,,3919,17,0,23 21 20,0,100,,1801,17,0,23 21 20,0,45,,462,17,0,23 21 20,0,70,,476,17,0,23 21 20,0,30,,1925,17,0,23 21 20,0,70,,469,17,0,23 21 20,0,33,,3901,17,0,23 21 20,0,100,,3913,17,0,23 21 20,0,100,,3914,17,0,23 21 20,0,100,,3918,17,0,23 21 20,0,99,,3905,17,0,23 21 20,0
1001401,'2',655,,310,2,0,23 21 20,0,100,,1774,17,0,23 21 20,0,100,,3936,17,0,23 21 20,0,100,,3946,17,0,23 21 20,0,100,,3925,17,0,23 21 20,0,100,,3934,17,0,23 21 20,0,100,,3944,17,0,23 21 20,0,100,,3922,17,0,23 21 20,0,100,,3942,17,0,23 21 20,0,100,,3945,17,0,23 21 20,0,100,,3927,17,0,23 21 20,0,100,,2144,17,0,23 21 20,0,100,,3921,17,0,23 21 20,0,100,,3923,17,0,23 21 20,0,100,,2437,17,0,23 21 20,0,100,,3931,17,0,23 21 20,0,100,,3926,17,0,23 21 20,0,95,,3937,17,0,23 21 20,0
1001401,'3',755,,2051,2,0,23 21 20,0,100,,3959,17,0,23 21 20,0,100,,792,17,0,23 21 20,0,100,,3947,17,0,23 21 20,0,100,,3961,17,0,23 21 20,0,100,,3956,17,0,23 21 20,0,100,,599,17,0,23 21 20,0,100,,3949,17,0,23 21 20,0,100,,3951,17,0,23 21 20,0,100,,3952,17,0,23 21 20,0,100,,3948,17,0,23 21 20,0,100,,2056,17,0,23 21 20,0,100,,3958,17,0,23 21 20,0
