300,'1',815,,4131,20,,,1,100,,4132,20,,,1,100,,4124,20,,,1,100,,4126,20,,,1,100,,4128,20,,,1,100,,3163,20,,,1,100,,4134,20,,,1,100,,4127,20,,,1,100,,4129,20,,,1,100,,4125,20,,,1,100,,4133,20,,,1,100,,4130,20,,,1
300,'2',715,,4147,20,,,1,30,,4137,20,,,1,70,,4139,20,,,1,30,,4156,20,,,1,70,,3308,20,,,1,30,,4135,20,,,1,70,,1038,20,,,1,30,,4146,20,,,1,70,,2680,20,,,1,30,,4150,20,,,1,70,,4143,20,,,1,30,,4154,20,,,1,70,,4149,20,,,1,30,,4138,20,,,1,70,,4144,20,,,1,30,,4145,20,,,1,70,,3442,20,,,1,30,,3274,20,,,1,70,,4141,20,,,1,30,,3040,20,,,1,70,,3604,20,,,1,30,,4153,20,,,1,70,,4155,20,,,1,30,,4151,20,,,1,70,,2697,20,,,1,30,,4142,20,,,1,70,,4136,20,,,1,100,,4152,20,,,1,100,,4140,20,,,1,109,,4148,20,,,1
300,'3',606,,4169,20,,,1,37,,4159,20,,,1,60,,4174,20,,,1,26,,719,20,,,1,22,,3844,20,,,1,66,,4170,20,,,1,23,,265,20,,,1,65,,3620,20,,,1,23,,4164,20,,,1,20,,193,20,,,1,65,,1912,20,,,1,23,,4166,20,,,1,20,,4173,20,,,1,65,,4165,20,,,1,23,,2119,20,,,1,60,,4160,20,,,1,25,,3177,20,,,1,23,,3917,20,,,1,60,,4162,20,,,1,25,,2870,20,,,1,63,,4157,20,,,1,20,,544,20,,,1,25,,4171,20,,,1,63,,4167,20,,,1,20,,4172,20,,,1,26,,3400,20,,,1,63,,4163,20,,,1,25,,2734,20,,,1,70,,4158,20,,,1,22,,556,20,,,1,16,,3178,20,,,1,70,,955,20,,,1,27,,4168,20,,,1,64,,4161,20,,,1,29,,2375,20,,,1,13,,3351,20,,,1,63,,992,20,,,1,29,,3502,20,,,1,103,,3258,20,,,1,108,,3254,20,,,1
301,'1',845,,4185,9,,,1,100,,4184,9,,,1,100,,4181,9,,,1,100,,4182,9,,,1,100,,4177,9,,,1,100,,4183,9,,,1,100,,4175,9,,,1,100,,4179,9,,,1,100,,1087,9,,,1,100,,4176,9,,,1,100,,4180,9,,,1,100,,4178,9,,,1
301,'2',715,,4197,9,,,1,30,,4190,9,,,1,70,,2816,9,,,1,30,,1480,9,,,1,70,,4187,9,,,1,30,,4202,9,,,1,70,,2792,9,,,1,30,,4186,9,,,1,70,,4192,9,,,1,30,,4194,9,,,1,70,,43,9,,,1,30,,2537,9,,,1,70,,4196,9,,,1,30,,4193,9,,,1,70,,4198,9,,,1,30,,4188,9,,,1,70,,4204,9,,,1,30,,3373,9,,,1,70,,4205,9,,,1,30,,2700,9,,,1,70,,4195,9,,,1,30,,4191,9,,,1,70,,4206,9,,,1,30,,1100,9,,,1,70,,4203,9,,,1,30,,4199,9,,,1,100,,1955,9,,,1,100,,4200,9,,,1,100,,4201,9,,,1,102,,4189,9,,,1
301,'3',607,,3186,9,,,1,20,,224,9,,,1,24,,4220,9,,,1,64,,927,9,,,1,26,,3302,9,,,1,63,,1866,9,,,1,22,,4217,9,,,1,26,,4219,9,,,1,63,,202,9,,,1,25,,4214,9,,,1,63,,3529,9,,,1,20,,4218,9,,,1,25,,704,9,,,1,63,,3742,9,,,1,20,,3458,9,,,1,25,,4222,9,,,1,63,,2858,9,,,1,20,,314,9,,,1,65,,3814,9,,,1,23,,4215,9,,,1,20,,4224,9,,,1,65,,4213,9,,,1,23,,4212,9,,,1,20,,3252,9,,,1,65,,4216,9,,,1,23,,3666,9,,,1,65,,4210,9,,,1,25,,4225,9,,,1,23,,2213,9,,,1,60,,4209,9,,,1,30,,4223,9,,,1,67,,2526,9,,,1,20,,962,9,,,1,26,,4207,9,,,1,63,,3105,9,,,1,23,,4211,9,,,1,69,,1324,9,,,1,103,,4221,9,,,1,108,,4208,9,,,1,108,,3209,9,,,1
401,'1',835,,2827,2,0,52 19 20,1,100,,4266,2,0,52 19 20,1,100,,4270,2,0,52 19 20,1,100,,4262,2,0,52 19 20,1,100,,4263,2,0,52 19 20,1,100,,4268,2,0,52 19 20,1,100,,4267,2,0,52 19 20,1,100,,4264,2,0,52 19 20,1,100,,1812,2,0,52 19 20,1,100,,4261,2,0,52 19 20,1,100,,4269,2,0,52 19 20,1,100,,4265,2,0,21 20,1
401,'2',735,,4272,2,0,52 19 20,1,100,,4278,2,0,52 19 20,1,100,,4281,2,0,52 19 20,1,100,,4276,2,0,52 19 20,1,100,,4275,2,0,52 19 20,1,100,,4277,2,0,52 19 20,1,100,,3152,2,0,52 19 20,1,100,,2919,2,0,52 19 20,1,100,,4274,2,0,52 19 20,1,100,,2820,2,0,52 19 20,1,100,,4273,2,0,52 19 20,1,100,,3936,2,0,52 19 20,1,100,,4280,2,0,52 19 20,1,100,,4279,2,0,52 19 20,1,100,,3324,2,0,52 19 20,1,100,,854,2,0,52 19 20,1
401,'3',606,,2971,2,0,52 19 20,1,25,,1261,2,0,52 19 20,1,22,,4282,2,0,52 19 20,1,66,,2717,2,0,52 19 20,1,20,,4285,2,0,52 19 20,1,67,,1322,2,0,52 19 20,1,25,,3596,2,0,52 19 20,1,25,,3147,2,0,52 19 20,1,84,,1981,2,0,52 19 20,1,67,,2801,2,0,52 19 20,1,25,,1616,2,0,52 19 20,1,81,,4292,2,0,52 19 20,1,30,,4291,2,0,52 19 20,1,65,,222,2,0,52 19 20,1,41,,3825,2,0,52 19 20,1,70,,4287,2,0,52 19 20,1,25,,1122,2,0,52 19 20,1,81,,4286,2,0,52 19 20,1,31,,4290,2,0,52 19 20,1,63,,463,2,0,52 19 20,1,33,,4288,2,0,52 19 20,1,58,,1908,2,0,52 19 20,1,34,,4289,2,0,52 19 20,1,64,,2729,2,0,52 19 20,1,36,,4294,2,0,52 19 20,1,60,,3819,2,0,52 19 20,1,30,,3740,2,0,52 19 20,1,24,,1964,2,0,52 19 20,1,72,,84,2,0,52 19 20,1,103,,4284,2,0,52 19 20,1,77,,4293,2,0,52 19 20,1,103,,1359,2,0,52 19 20,1,35,,1624,2,0,52 19 20,1,75,,4283,2,0,52 19 20,1
1000,'3',716,,2872,2,,,1,30,,4649,2,,,1,70,,3751,2,,,1,30,,4647,2,,,1,70,,3840,2,,,1,30,,4651,2,,,1,70,,2528,2,,,1
1800,'1',815,,4928,2,,,1,100,,3645,2,,,1,100,,2570,2,,,1,100,,2131,2,,,1,100,,4929,2,,,1,100,,4927,2,,,1,100,,4921,2,,,1,100,,4926,2,,,1,100,,4923,2,,,1,100,,4922,2,,,1,100,,4925,2,,,1,100,,4924,2,,,1
1800,'2',715,,4930,2,,,1,100,,4931,2,,,1,100,,2897,2,,,1,100,,4937,2,,,1,100,,872,2,,,1,100,,4936,2,,,1,100,,4932,2,,,1,100,,3125,2,,,1,100,,4939,2,,,1,100,,4934,2,,,1,100,,4933,2,,,1,100,,4935,2,,,1,100,,4938,2,,,1
1800,'3',615,,4947,2,,,1,30,,4950,2,,,1,70,,3343,2,,,1,30,,4944,2,,,1,70,,779,2,,,1,30,,4954,2,,,1,70,,4942,2,,,1,30,,228,2,,,1,70,,2864,2,,,1,30,,3535,2,,,1,70,,4955,2,,,1,30,,4951,2,,,1,70,,4940,2,,,1,30,,4945,2,,,1,70,,3290,2,,,1,30,,931,2,,,1,70,,4949,2,,,1,30,,2207,2,,,1,70,,3623,2,,,1,30,,2714,2,,,1,70,,1426,2,,,1,30,,4943,2,,,1,70,,4946,2,,,1,30,,4948,2,,,1,70,,2502,2,,,1,30,,122,2,,,1,70,,4952,2,,,1,30,,4953,2,,,1,70,,4941,2,,,1,100,,1137,2,,,1
2800,'1',837,,5127,2,,,1,100,,5131,2,,,1,100,,5129,2,,,1,100,,5134,2,,,1,100,,5136,2,,,1,100,,3896,2,,,1,100,,5128,2,,,1,100,,5135,2,,,1,100,,5132,2,,,1,100,,3691,2,,,1,100,,5133,2,,,1,100,,5130,2,,,1
2800,'2',737,,5143,2,,,1,100,,5142,2,,,1,100,,5144,2,,,1,100,,3126,2,,,1,100,,3276,2,,,1,100,,5139,2,,,1,100,,5140,2,,,1,100,,2881,2,,,1,100,,5141,2,,,1,100,,5137,2,,,1,100,,5138,2,,,1,100,,5146,2,,,1,100,,2817,2,,,1
2800,'3',607,,493,2,,,1,30,,3777,2,,,1,70,,2020,2,,,1,30,,2120,2,,,1,70,,3841,2,,,1,30,,5157,2,,,1,70,,5151,2,,,1,30,,5156,2,,,1,70,,5150,2,,,1,30,,2514,2,,,1,70,,5152,2,,,1,30,,1285,2,,,1,70,,2602,2,,,1,30,,5149,2,,,1,70,,1586,2,,,1,30,,5148,2,,,1,70,,3199,2,,,1,30,,1748,2,,,1,70,,5153,2,,,1,30,,5154,2,,,1,70,,1434,2,,,1,30,,1731,2,,,1,70,,5147,2,,,1,30,,1524,2,,,1,70,,258,2,,,1,30,,2448,2,,,1,70,,3145,2,,,1,30,,3265,2,,,1,100,,3402,2,,,1,172,,5155,2,,,1
