'1merged2147168',300,83400,4,'',1,10000,4,'',1,10000,4,'',1,10000,4,'',1,10000,4,'',1,10000,4,'',1,10000,4,'',1,10000,4,'',1,10000,4,'',1,10000,4,'',1,10000,4,'',1,10000,4,'',1
'1merged2147168',301,83700,,'',1,10000,,'',1,10000,,'',1,10000,,'',1,10000,,'',1,10000,,'',1,10000,,'',1,10000,,'',1,10000,,'',1,10000,,'',1,10000,,'',1,10000,,'',1
'2merged2147170',300,73400,4,'',1,7000,4,'',1,3000,4,'',1,7000,4,'',1,3000,4,'',1,7000,4,'',1,3000,4,'',1,7000,4,'',1,3000,4,'',1,7000,4,'',1,3000,4,'',1,7000,4,'',1,3000,4,'',1,7000,4,'',1,3000,4,'',1,7000,4,'',1,3000,4,'',1,7000,4,'',1,3000,4,'',1,7000,4,'',1,3000,4,'',1,7000,4,'',1,3000,4,'',1,7000,4,'',1,3000,4,'',1,7000,4,'',1,3000,4,'',1,10000,4,'',1,10000,4,'',1,10600,4,'',1
'2merged2147170',301,70700,,'',1,3000,,'',1,7000,,'',1,3000,,'',1,7000,,'',1,3000,,'',1,7000,,'',1,3000,,'',1,7000,,'',1,3000,,'',1,7000,,'',1,3000,,'',1,7000,,'',1,3000,,'',1,7000,,'',1,3000,,'',1,7000,,'',1,3000,,'',1,7000,,'',1,3000,,'',1,7000,,'',1,3000,,'',1,7000,,'',1,3000,,'',1,7000,,'',1,3000,,'',1,10000,,'',1,10000,,'',1,10000,,'',1,10300,,'',1
'3merged2147169',300,62500,4,'',1,2800,4,'',1,7000,4,'',1,3000,4,'',1,7300,4,'',1,3100,4,'',1,7000,4,'',1,3000,4,'',1,7000,4,'',1,3000,4,'',1,7000,4,'',1,3000,4,'',1,7000,4,'',1,3000,4,'',1,7000,4,'',1,3000,4,'',1,7000,4,'',1,3000,4,'',1,7000,4,'',1,2800,4,'',1,7000,4,'',1,2700,4,'',1,7000,4,'',1,3000,4,'',1,7000,4,'',1,3000,4,'',1,7300,4,'',1,3300,4,'',1,7600,4,'',1,10000,4,'',1,10000,4,'',1,10600,4,'',1
'3merged2147169',301,55600,,'',1,7000,,'',1,3000,,'',1,7000,,'',1,3200,,'',1,7000,,'',1,3000,,'',1,7000,,'',1,3000,,'',1,7000,,'',1,3000,,'',1,7000,,'',1,3000,,'',1,7000,,'',1,3000,,'',1,7000,,'',1,3000,,'',1,7000,,'',1,3000,,'',1,7000,,'',1,2700,,'',1,7000,,'',1,3000,,'',1,7000,,'',1,3000,,'',1,7300,,'',1,3000,,'',1,7900,,'',1,10000,,'',1,10000,,'',1,10000,,'',1,10300,,'',1
'1merged2147168',1400,90400,4,'',1,300,,'',1,9700,4,'',1,300,,'',1,9700,4,'',1,300,,'',1,9700,4,'',1,300,,'',1,9700,4,'',1,300,,'',1,9700,4,'',1,300,,'',1,9700,4,'',1,300,,'',1,9700,4,'',1,300,,'',1,9700,4,'',1,300,,'',1,9700,4,'',1,300,,'',1,9700,4,'',1,300,,'',1
'1merged2147168',1401,80700,4,'',1,500,,'',1,9500,4,'',1,500,,'',1,9500,4,'',1,500,,'',1,9500,4,'',1,500,,'',1,9500,4,'',1,500,,'',1,9500,4,'',1,500,,'',1,9500,4,'',1,500,,'',1,9500,4,'',1,500,,'',1,9500,4,'',1,500,,'',1,9500,4,'',1,500,,'',1,9500,4,'',1,500,,'',1,9500,4,'',1,500,,'',1
'2merged2147170',1400,80400,4,'',1,300,,'',1,9700,4,'',1,300,,'',1,9700,4,'',1,300,,'',1,9700,4,'',1,300,,'',1,9700,4,'',1,300,,'',1,9700,4,'',1,300,,'',1,9700,4,'',1,300,,'',1,9700,4,'',1,300,,'',1,9700,4,'',1,300,,'',1,9700,4,'',1,300,,'',1,9700,4,'',1,300,,'',1,9700,4,'',1,300,,'',1,9700,4,'',1,300,,'',1
'2merged2147170',1401,70700,4,'',1,500,,'',1,9500,4,'',1,500,,'',1,9500,4,'',1,500,,'',1,9500,4,'',1,500,,'',1,9500,4,'',1,500,,'',1,9500,4,'',1,500,,'',1,9500,4,'',1,500,,'',1,9500,4,'',1,500,,'',1,9500,4,'',1,500,,'',1,9500,4,'',1,500,,'',1,9500,4,'',1,500,,'',1,9500,4,'',1,500,,'',1,9500,4,'',1,500,,'',1,9500,4,'',1,500,,'',1
'3merged2147169',1400,64900,4,'',1,300,,'',1,6700,4,'',1,300,,'',1,2700,4,'',1,300,,'',1,6700,4,'',1,300,,'',1,2700,4,'',1,300,,'',1,8200,4,'',1,300,,'',1,9700,4,'',1,300,,'',1,9700,4,'',1,300,,'',1,9700,4,'',1,300,,'',1,9700,4,'',1,300,,'',1,9700,4,'',1,300,,'',1,9700,4,'',1,300,,'',1,10300,4,'',1,7000,4,'',1,3000,4,'',1,7000,4,'',1,3000,4,'',1,6400,4,'',1,300,,'',1,9700,4,'',1,300,,'',1
'3merged2147169',1401,60700,4,'',1,500,,'',1,2500,4,'',1,500,,'',1,6500,4,'',1,500,,'',1,2500,4,'',1,500,,'',1,6500,4,'',1,500,,'',1,2500,4,'',1,500,,'',1,6500,4,'',1,500,,'',1,9500,4,'',1,500,,'',1,9500,4,'',1,500,,'',1,9500,4,'',1,500,,'',1,9500,4,'',1,500,,'',1,9500,4,'',1,500,,'',1,9500,4,'',1,500,,'',1,9500,4,'',1,500,,'',1,9500,4,'',1,500,,'',1,2500,4,'',1,500,,'',1,6500,4,'',1,500,,'',1,2500,4,'',1,500,,'',1,6500,4,'',1,500,,'',1,9500,4,'',1,500,,'',1
'1merged2147168',1500,90700,4,'',1,10000,4,'',1,10000,4,'',1,10000,4,'',1,10000,4,'',1,10000,4,'',1,10000,4,'',1,10000,4,'',1,10000,4,'',1,10000,4,'',1,10000,4,'',1,10000,4,'',1
'1merged2147168',1501,80800,,'',1,10000,,'',1,10000,,'',1,10000,,'',1,10000,,'',1,10000,,'',1,10000,,'',1,10000,,'',1,10000,,'',1,10000,,'',1,10000,,'',1,10000,,'',1
'2merged2147170',1500,80700,4,'',1,10000,4,'',1,10000,4,'',1,10000,4,'',1,10000,4,'',1,10000,4,'',1,10000,4,'',1,10000,4,'',1,10000,4,'',1,10000,4,'',1,10000,4,'',1,10000,4,'',1,10000,4,'',1
'2merged2147170',1501,70800,,'',1,10000,,'',1,10000,,'',1,10000,,'',1,10000,,'',1,10000,,'',1,10000,,'',1,10000,,'',1,10000,,'',1,10000,,'',1,10000,,'',1,10000,,'',1,10000,,'',1,10000,,'',1
'3merged2147169',1500,63700,4,'',1,7000,4,'',1,4100,4,'',1,7000,4,'',1,4000,4,'',1,7000,4,'',1,7900,4,'',1,3000,4,'',1,7000,4,'',1,3000,4,'',1,7000,4,'',1,3000,4,'',1,7000,4,'',1,3000,4,'',1,7000,4,'',1,3000,4,'',1,7000,4,'',1,3000,4,'',1,7000,4,'',1,3700,4,'',1,7000,4,'',1,4300,4,'',1,7000,4,'',1,7600,4,'',1,3400,4,'',1,10000,4,'',1
'3merged2147169',1501,60800,,'',1,3700,,'',1,7000,,'',1,4000,,'',1,7000,,'',1,8200,,'',1,3000,,'',1,7100,,'',1,3000,,'',1,7000,,'',1,3000,,'',1,7000,,'',1,3000,,'',1,7000,,'',1,3000,,'',1,7000,,'',1,3000,,'',1,7000,,'',1,3000,,'',1,7000,,'',1,4200,,'',1,7000,,'',1,8300,,'',1,3000,,'',1,7600,,'',1,2900,,'',1,10000,,'',1
'1merged2147168',1001400,83400,4,'',1,300,,'',1,9700,4,'',1,300,,'',1,9700,4,'',1,300,,'',1,9700,4,'',1,300,,'',1,9700,4,'',1,300,,'',1,9700,4,'',1,300,,'',1,9700,4,'',1,300,,'',1,9700,4,'',1,300,,'',1,9700,4,'',1,300,,'',1,9700,4,'',1,300,,'',1,9700,4,'',1,300,,'',1,9700,4,'',1,300,,'',1
'1merged2147168',1001401,83700,4,'',1,500,,'',1,9500,4,'',1,500,,'',1,9500,4,'',1,500,,'',1,9500,4,'',1,500,,'',1,9500,4,'',1,500,,'',1,9500,4,'',1,500,,'',1,9500,4,'',1,500,,'',1,9500,4,'',1,500,,'',1,9500,4,'',1,500,,'',1,9500,4,'',1,500,,'',1,9500,4,'',1,500,,'',1,9500,4,'',1,500,,'',1
'2merged2147170',1001400,73400,4,'',1,300,,'',1,9700,4,'',1,300,,'',1,9700,4,'',1,300,,'',1,9700,4,'',1,300,,'',1,9700,4,'',1,300,,'',1,9700,4,'',1,300,,'',1,9700,4,'',1,300,,'',1,9700,4,'',1,300,,'',1,9700,4,'',1,300,,'',1,9700,4,'',1,300,,'',1,9700,4,'',1,300,,'',1,9700,4,'',1,300,,'',1,9700,4,'',1,300,,'',1,9700,4,'',1,300,,'',1,9700,4,'',1,300,,'',1,9700,4,'',1,300,,'',1,16700,0,'Burloak & Rebecca',1
'2merged2147170',1001401,73700,4,'',1,500,,'',1,9500,4,'',1,500,,'',1,9500,4,'',1,500,,'',1,9500,4,'',1,500,,'',1,9500,4,'',1,500,,'',1,9500,4,'',1,500,,'',1,9500,4,'',1,500,,'',1,9500,4,'',1,500,,'',1,9500,4,'',1,500,,'',1,9500,4,'',1,500,,'',1,9500,4,'',1,500,,'',1,9500,4,'',1,500,,'',1,9500,4,'',1,500,,'',1,9500,4,'',1,500,,'',1,9500,4,'',1,500,,'',1,9500,4,'',1,500,,'',1,9500,4,'',1,300,,'',1
'3merged2147169',1001400,62800,4,'',1,900,,'',1,6700,4,'',1,300,,'',1,2700,4,'',1,300,,'',1,6700,4,'',1,300,,'',1,2700,4,'',1,300,,'',1,6700,4,'',1,300,,'',1,9700,4,'',1,300,,'',1,9700,4,'',1,300,,'',1,9700,4,'',1,300,,'',1,9700,4,'',1,300,,'',1,9700,4,'',1,300,,'',1,9700,4,'',1,300,,'',1,9700,4,'',1,300,,'',1,4800,4,'',1,7000,4,'',1,3000,4,'',1,7000,4,'',1,3000,4,'',1,7900,4,'',1,300,,'',1,9700,4,'',1,300,,'',1,9700,4,'',1,300,,'',1,9700,4,'',1,300,,'',1,16700,0,'Burloak & Rebecca',1
'3merged2147169',1001401,62200,4,'',1,500,,'',1,2500,4,'',1,500,,'',1,6500,4,'',1,500,,'',1,2500,4,'',1,500,,'',1,6500,4,'',1,500,,'',1,2500,4,'',1,500,,'',1,8000,4,'',1,500,,'',1,9500,4,'',1,500,,'',1,9500,4,'',1,500,,'',1,9500,4,'',1,500,,'',1,9500,4,'',1,500,,'',1,9500,4,'',1,500,,'',1,9500,4,'',1,500,,'',1,9500,4,'',1,500,,'',1,8300,4,'',1,200,,'',1,2800,4,'',1,200,,'',1,6800,4,'',1,200,,'',1,2800,4,'',1,200,,'',1,8000,4,'',1,500,,'',1,9500,4,'',1,500,,'',1,9500,4,'',1,500,,'',1,9500,4,'',1,500,,'',1,9500,4,'',1,300,,'',1
