600,'1',705,,2038,,,0,25,,2036,,,0,25,,2039,,,0,65,,2014,,,0,25,,2019,,,0,65,,2031,,,0,25,,2012,,,0,74,,2033,,,0,35,,2032,,,0,75,,2013,,,0,35,,2040,,,0,75,,2018,,,0,75,,2021,,,0,35,,2034,,,0,75,,2020,,,0,35,,2030,,,0,76,,2027,,,0,28,,2025,,,0,65,,2023,,,0,25,,2035,,,0,65,,2017,,,0,25,,2024,,,0,25,,2028,,,0,65,,2016,,,0,25,,2011,,,0,64,,2015,,,0,25,,2022,,,0,22,,2029,,,0,65,,2037,,,0,25,,2026,,,0
600,'2',654,,2052,,,0,105,,2050,,,0,100,,2043,,,0,100,,2053,,,0,100,,2049,,,0,100,,2051,,,0,100,,2041,,,0,100,,2047,,,0,100,,2045,,,0,100,,2042,,,0,100,,2048,,,0,100,,2046,,,0,100,,2044,,,0
600,'3',756,,2054,,,0,103,,2055,,,0,100,,2061,,,0,100,,2063,,,0,100,,2064,,,0,100,,2058,,,0,100,,2065,,,0,100,,2060,,,0,100,,2059,,,0,100,,2062,,,0,100,,2057,,,0,100,,2056,,,0
600,'4',705,,2093,,,0,25,,2091,,,0,25,,2094,,,0,65,,2069,,,0,25,,2074,,,0,65,,2086,,,0,25,,2067,,,0,74,,2088,,,0,35,,2087,,,0,75,,2068,,,0,35,,2095,,,0,75,,2073,,,0,75,,2076,,,0,35,,2089,,,0,75,,2075,,,0,35,,2085,,,0,76,,2082,,,0,28,,2080,,,0,65,,2078,,,0,25,,2090,,,0,65,,2072,,,0,25,,2079,,,0,25,,2083,,,0,65,,2071,,,0,25,,2066,,,0,64,,2070,,,0,25,,2077,,,0,22,,2084,,,0,65,,2092,,,0,25,,2081,,,0
600,'5',705,,2122,,,0,25,,2112,,,0,25,,2109,,,0,65,,2106,,,0,25,,2117,,,0,65,,2108,,,0,25,,2105,,,0,74,,2119,,,0,35,,2096,,,0,75,,2121,,,0,35,,2099,,,0,75,,2118,,,0,75,,2103,,,0,35,,2104,,,0,75,,2098,,,0,35,,2114,,,0,76,,2102,,,0,28,,2111,,,0,65,,2125,,,0,25,,2110,,,0,65,,2100,,,0,25,,2124,,,0,25,,2097,,,0,65,,2116,,,0,25,,2123,,,0,64,,2107,,,0,25,,2113,,,0,22,,2115,,,0,65,,2101,,,0,25,,2120,,,0
1200,'1',646,,2397,0,37 1 38,0,100,,2400,0,37 1 38,0,100,,2394,0,37 1 38,0,770,,2396,0,37 1 38,0,99,,2399,0,37 1 38,0,100,,2395,0,37 1 38,0,101,,2398,0,37 1 38,0
1200,'4',646,,2404,0,37 1 38,0,100,,2407,0,37 1 38,0,100,,2401,0,37 1 38,0,770,,2403,0,37 1 38,0,99,,2406,0,37 1 38,0,100,,2402,0,37 1 38,0,101,,2405,0,37 1 38,0
1200,'5',646,,2420,0,37 1 38,0,70,,2413,0,37 1 38,0,30,,2417,0,37 1 38,0,70,,2415,0,37 1 38,0,30,,2408,0,37 1 38,0,70,,2421,0,37 1 38,0,630,,2414,0,37 1 38,0,70,,2418,0,37 1 38,0,30,,2412,0,37 1 38,0,69,,2409,0,37 1 38,0,31,,2416,0,37 1 38,0,69,,2411,0,37 1 38,0,31,,2410,0,37 1 38,0,70,,2419,0,37 1 38,0
12000,'1',705,,4415,,,0,30,,4418,,,0,70,,4424,,,0,30,,4423,,,0,70,,4417,,,0,30,,4425,,,0,600,,4420,,,0,70,,4426,,,0,25,,4419,,,0,70,,4416,,,0,35,,4427,,,0,65,,4421,,,0,35,,4422,,,0
12000,'4',705,,4428,,,0,30,,4431,,,0,70,,4437,,,0,30,,4436,,,0,70,,4430,,,0,30,,4438,,,0,600,,4433,,,0,70,,4439,,,0,25,,4432,,,0,70,,4429,,,0,35,,4440,,,0,65,,4434,,,0,35,,4435,,,0
12000,'5',705,,4450,,,0,30,,4445,,,0,70,,4448,,,0,30,,4441,,,0,70,,4447,,,0,30,,4453,,,0,600,,4443,,,0,70,,4451,,,0,25,,4446,,,0,70,,4452,,,0,35,,4444,,,0,65,,4449,,,0,35,,4442,,,0
