300,'1',814,,4131,18,,,1,100,,4132,18,,,1,100,,4124,18,,,1,100,,4126,18,,,1,100,,4128,18,,,1,100,,3163,18,,,1,100,,4134,18,,,1,100,,4127,18,,,1,100,,4129,18,,,1,100,,4125,18,,,1,100,,4133,18,,,1,100,,4130,18,,,1
300,'2',714,,4147,18,,,1,30,,4137,18,,,1,70,,4139,18,,,1,30,,4156,18,,,1,70,,3308,18,,,1,30,,4135,18,,,1,70,,1038,18,,,1,30,,4146,18,,,1,70,,2680,18,,,1,30,,4150,18,,,1,70,,4143,18,,,1,30,,4154,18,,,1,70,,4149,18,,,1,30,,4138,18,,,1,70,,4144,18,,,1,30,,4145,18,,,1,70,,3442,18,,,1,30,,3274,18,,,1,70,,4141,18,,,1,30,,3040,18,,,1,70,,3604,18,,,1,30,,4153,18,,,1,70,,4155,18,,,1,30,,4151,18,,,1,70,,2697,18,,,1,30,,4142,18,,,1,70,,4136,18,,,1,100,,4152,18,,,1,100,,4140,18,,,1,109,,4148,18,,,1
300,'3',604,,4169,18,,,1,37,,4159,18,,,1,60,,4174,18,,,1,26,,719,18,,,1,22,,3844,18,,,1,66,,4170,18,,,1,23,,265,18,,,1,65,,3620,18,,,1,23,,4164,18,,,1,20,,193,18,,,1,65,,1912,18,,,1,23,,4166,18,,,1,20,,4173,18,,,1,65,,4165,18,,,1,23,,2119,18,,,1,60,,4160,18,,,1,25,,3177,18,,,1,23,,3917,18,,,1,60,,4162,18,,,1,25,,2870,18,,,1,23,,4157,18,,,1,60,,544,18,,,1,25,,4171,18,,,1,63,,4167,18,,,1,20,,4172,18,,,1,26,,3400,18,,,1,63,,4163,18,,,1,25,,2734,18,,,1,69,,4158,18,,,1,22,,556,18,,,1,17,,3178,18,,,1,70,,955,18,,,1,27,,4168,18,,,1,63,,4161,18,,,1,29,,2375,18,,,1,14,,3351,18,,,1,63,,992,18,,,1,29,,3502,18,,,1,103,,3258,18,,,1,108,,3254,18,,,1
301,'1',843,,4185,7,,,1,100,,4184,7,,,1,100,,4181,7,,,1,100,,4182,7,,,1,100,,4177,7,,,1,100,,4183,7,,,1,100,,4175,7,,,1,100,,4179,7,,,1,100,,1087,7,,,1,100,,4176,7,,,1,100,,4180,7,,,1,100,,4178,7,,,1
301,'2',713,,4197,7,,,1,30,,4190,7,,,1,70,,2816,7,,,1,30,,1480,7,,,1,70,,4187,7,,,1,30,,4202,7,,,1,70,,2792,7,,,1,30,,4186,7,,,1,70,,4192,7,,,1,30,,4194,7,,,1,70,,43,7,,,1,30,,2537,7,,,1,70,,4196,7,,,1,30,,4193,7,,,1,70,,4198,7,,,1,30,,4188,7,,,1,70,,4204,7,,,1,30,,3373,7,,,1,70,,4205,7,,,1,30,,2700,7,,,1,70,,4195,7,,,1,30,,4191,7,,,1,70,,4206,7,,,1,30,,1100,7,,,1,70,,4203,7,,,1,30,,4199,7,,,1,100,,1955,7,,,1,100,,4200,7,,,1,100,,4201,7,,,1,102,,4189,7,,,1
301,'3',604,,3186,7,,,1,20,,224,7,,,1,24,,4220,7,,,1,64,,927,7,,,1,26,,3302,7,,,1,63,,1866,7,,,1,21,,4217,7,,,1,27,,4219,7,,,1,63,,202,7,,,1,25,,4214,7,,,1,63,,3529,7,,,1,20,,4218,7,,,1,25,,704,7,,,1,63,,3742,7,,,1,20,,3458,7,,,1,25,,4222,7,,,1,63,,2858,7,,,1,20,,314,7,,,1,65,,3814,7,,,1,23,,4215,7,,,1,20,,4224,7,,,1,65,,4213,7,,,1,23,,4212,7,,,1,20,,3252,7,,,1,65,,4216,7,,,1,23,,3666,7,,,1,64,,4210,7,,,1,26,,4225,7,,,1,23,,2213,7,,,1,60,,4209,7,,,1,30,,4223,7,,,1,66,,2526,7,,,1,20,,962,7,,,1,27,,4207,7,,,1,63,,3105,7,,,1,23,,4211,7,,,1,69,,1324,7,,,1,103,,4221,7,,,1,108,,4208,7,,,1,108,,3209,7,,,1
400,'1',853,,4230,42,0,53 45 20,1,100,,4235,42,0,53 45 20,1,100,,4229,42,0,53 45 20,1,100,,4228,42,0,53 45 20,1,100,,4233,42,0,53 45 20,1,100,,4231,42,0,53 45 20,1,100,,2758,42,0,53 45 20,1,100,,4232,42,0,53 45 20,1,100,,4226,42,0,53 45 20,1,100,,4234,42,0,53 45 20,1,100,,4236,42,0,53 45 20,1,100,,4227,42,0,53 45 20,1
400,'2',753,,4243,42,0,53 45 20,1,100,,4241,42,0,53 45 20,1,100,,3041,42,0,53 45 20,1,100,,3608,42,0,53 45 20,1,100,,3607,42,0,53 45 20,1,100,,4245,42,0,53 45 20,1,100,,3634,42,0,53 45 20,1,100,,4246,42,0,53 45 20,1,100,,2917,42,0,53 45 20,1,100,,3150,42,0,53 45 20,1,100,,4242,42,0,53 45 20,1,100,,4240,42,0,53 45 20,1,100,,4247,42,0,53 45 20,1,100,,4238,42,0,53 45 20,1,100,,4244,42,0,53 45 20,1,100,,4237,42,0,53 45 20,1
400,'3',659,,4249,42,0,53 45 20,1,74,,4259,42,0,53 45 20,1,67,,4250,42,0,53 45 20,1,19,,2449,42,0,53 45 20,1,31,,1055,42,0,53 45 20,1,60,,4248,42,0,53 45 20,1,24,,2358,42,0,53 45 20,1,66,,1903,42,0,53 45 20,1,25,,937,42,0,53 45 20,1,84,,4253,42,0,53 45 20,1,27,,4257,42,0,53 45 20,1,65,,196,42,0,53 45 20,1,41,,2517,42,0,53 45 20,1,70,,1743,42,0,53 45 20,1,25,,2267,42,0,53 45 20,1,81,,2495,42,0,53 45 20,1,30,,4251,42,0,53 45 20,1,65,,713,42,0,53 45 20,1,88,,4258,42,0,53 45 20,1,35,,4256,42,0,53 45 20,1,23,,3622,42,0,53 45 20,1,73,,4254,42,0,53 45 20,1,20,,3354,42,0,53 45 20,1,75,,1186,42,0,53 45 20,1,21,,4252,42,0,53 45 20,1,77,,132,42,0,53 45 20,1,19,,130,42,0,53 45 20,1,63,,1145,42,0,53 45 20,1,24,,344,42,0,53 45 20,1,28,,778,42,0,53 45 20,1,143,,3657,42,0,53 45 20,1,41,,4260,42,0,53 45 20,1,99,,4255,42,0,53 45 20,1,75,,3466,42,0,53 45 20,1
1001,'3',1433,,4654,20,,,1,70,,2075,20,,,1,30,,1928,20,,,1,70,,4658,20,,,1,30,,743,20,,,1,70,,4656,20,,,1,30,,4655,20,,,1
1801,'1',829,,4960,30,,,1,100,,4957,30,,,1,100,,4956,30,,,1,100,,4958,30,,,1,100,,4961,30,,,1,100,,3138,30,,,1,100,,1759,30,,,1,100,,4963,30,,,1,100,,2656,30,,,1,100,,4962,30,,,1,100,,1467,30,,,1,100,,4959,30,,,1
1801,'2',729,,3715,30,,,1,100,,4969,30,,,1,100,,3443,30,,,1,100,,4972,30,,,1,100,,4965,30,,,1,100,,1713,30,,,1,100,,4964,30,,,1,100,,4967,30,,,1,100,,4968,30,,,1,100,,4970,30,,,1,100,,4966,30,,,1,100,,4971,30,,,1,100,,3763,30,,,1
1801,'3',629,,4981,30,,,1,30,,3848,30,,,1,70,,4973,30,,,1,30,,4985,30,,,1,70,,3008,30,,,1,30,,1665,30,,,1,70,,2503,30,,,1,30,,3346,30,,,1,70,,3264,30,,,1,30,,4986,30,,,1,70,,4978,30,,,1,30,,1050,30,,,1,70,,1283,30,,,1,30,,4983,30,,,1,70,,1800,30,,,1,30,,4984,30,,,1,70,,1630,30,,,1,30,,4979,30,,,1,70,,4977,30,,,1,30,,4974,30,,,1,76,,3729,30,,,1,70,,4980,30,,,1,30,,4976,30,,,1,70,,917,30,,,1,30,,1799,30,,,1,24,,3191,30,,,1,70,,775,30,,,1,100,,4975,30,,,1,100,,4982,30,,,1
2801,'1',808,,5166,31,,,1,100,,3335,39,,,1,100,,5164,39,,,1,100,,5160,39,,,1,100,,5162,39,,,1,100,,5158,39,,,1,100,,5163,39,,,1,100,,5161,39,,,1,100,,1466,39,,,1,100,,5159,39,,,1,100,,5165,39,,,1,100,,2572,39,,,1,100,,5167,39,,,1
2801,'2',708,,5172,39,,,1,100,,5175,39,,,1,100,,5176,39,,,1,100,,5178,39,,,1,100,,2698,39,,,1,100,,5173,39,,,1,100,,5170,39,,,1,100,,5168,39,,,1,100,,5169,39,,,1,100,,5171,39,,,1,100,,3874,39,,,1,100,,5174,39,,,1,100,,1474,39,,,1,100,,5177,39,,,1
2801,'3',638,,5181,39,,,1,70,,3193,39,,,1,30,,5180,39,,,1,70,,5187,39,,,1,30,,5182,39,,,1,70,,988,39,,,1,30,,5186,39,,,1,70,,3920,39,,,1,30,,1342,39,,,1,70,,1116,39,,,1,30,,981,39,,,1,70,,3900,39,,,1,30,,3140,39,,,1,70,,5179,39,,,1,30,,2719,39,,,1,70,,5192,39,,,1,30,,1418,39,,,1,70,,1838,39,,,1,30,,5183,39,,,1,70,,5191,39,,,1,36,,419,39,,,1,70,,5185,39,,,1,30,,5188,39,,,1,70,,1330,39,,,1,30,,3733,39,,,1,64,,5184,39,,,1,30,,3836,39,,,1,70,,2376,39,,,1,100,,5189,39,,,1,100,,5190,39,,,1
