2001,'1',629,,3798,,,0,73,,3800,,,0,30,,3795,,,0,70,,3808,,,0,30,,3791,,,0,70,,3799,,,0,30,,3788,,,0,70,,3790,,,0,30,,3789,,,0,70,,3801,,,0,30,,3805,,,0,70,,3817,,,0,30,,3810,,,0,70,,3806,,,0,30,,3815,,,0,70,,3794,,,0,30,,3812,,,0,70,,3803,,,0,30,,3807,,,0,70,,3816,,,0,30,,3811,,,0,77,,3809,,,0,30,,3819,,,0,70,,3793,,,0,30,,3792,,,0,70,,3804,,,0,23,,3813,,,0,70,,3802,,,0,30,,3797,,,0,100,,3796,,,0,100,,3814,,,0,100,,3818,,,0
2001,'2',732,,3834,,,0,100,,3833,,,0,100,,3826,,,0,100,,3831,,,0,100,,3830,,,0,100,,3829,,,0,100,,3828,,,0,100,,3820,,,0,100,,3832,,,0,100,,3821,,,0,100,,3827,,,0,100,,3825,,,0,100,,3822,,,0,100,,3824,,,0,100,,3823,,,0
2001,'3',832,,3840,,,0,100,,3841,,,0,100,,3839,,,0,100,,3837,,,0,100,,3838,,,0,100,,3843,,,0,100,,3844,,,0,100,,3835,,,0,100,,3846,,,0,100,,3842,,,0,100,,3836,,,0,100,,3845,,,0
2001,'4',629,,3857,,,0,73,,3859,,,0,30,,3854,,,0,70,,3869,,,0,30,,3850,,,0,70,,3858,,,0,30,,3847,,,0,70,,3849,,,0,30,,3848,,,0,70,,3860,,,0,30,,3866,,,0,70,,3877,,,0,30,,3871,,,0,70,,3867,,,0,30,,3875,,,0,70,,3853,,,0,30,,3873,,,0,70,,3862,,,0,30,,3868,,,0,70,,3876,,,0,30,,3872,,,0,77,,3870,,,0,30,,3878,,,0,70,,3852,,,0,30,,3851,,,0,70,,3865,,,0,23,,3874,,,0,70,,3861,,,0,30,,3856,,,0,100,,3855,,,0,100,,3863,,,0,100,,3864,,,0
2001,'5',635,,3902,,,0,69,,3891,,,0,41,,3907,,,0,74,,3893,,,0,35,,3890,,,0,75,,3883,,,0,75,,3908,,,0,23,,3899,,,0,73,,3889,,,0,30,,3888,,,0,70,,3884,,,0,30,,3895,,,0,70,,3892,,,0,30,,3898,,,0,70,,3896,,,0,30,,3897,,,0,70,,3882,,,0,30,,3887,,,0,93,,3900,,,0,77,,3903,,,0,38,,3886,,,0,78,,3880,,,0,38,,3879,,,0,78,,3901,,,0,84,,3881,,,0,19,,3904,,,0,95,,3894,,,0,70,,3905,,,0,30,,3885,,,0,100,,3906,,,0
2600,'1',1804,,3909,,,0
2600,'4',1804,,3910,,,0
2600,'5',1804,,3911,,,0
12000,'1',720,,4415,,,0,30,,4418,,,0,70,,4424,,,0,30,,4423,,,0,70,,4417,,,0,30,,4425,,,0,600,,4420,,,0,70,,4426,,,0,25,,4419,,,0,70,,4416,,,0,35,,4427,,,0,65,,4421,,,0,35,,4422,,,0
12000,'4',720,,4428,,,0,30,,4431,,,0,70,,4437,,,0,30,,4436,,,0,70,,4430,,,0,30,,4438,,,0,600,,4433,,,0,70,,4439,,,0,25,,4432,,,0,70,,4429,,,0,35,,4440,,,0,65,,4434,,,0,35,,4435,,,0
12000,'5',720,,4450,,,0,30,,4445,,,0,70,,4448,,,0,30,,4441,,,0,70,,4447,,,0,30,,4453,,,0,600,,4443,,,0,70,,4451,,,0,25,,4446,,,0,70,,4452,,,0,35,,4444,,,0,65,,4449,,,0,35,,4442,,,0
