300,'1',601,,540,,,0,37,,525,,,0,20,,511,,,0,66,,503,,,0,22,,524,,,0,66,,527,,,0,23,,516,,,0,65,,536,,,0,23,,529,,,0,20,,531,,,0,65,,535,,,0,23,,534,,,0,20,,513,,,0,65,,517,,,0,23,,518,,,0,20,,507,,,0,65,,539,,,0,23,,526,,,0,60,,508,,,0,25,,515,,,0,23,,504,,,0,60,,520,,,0,25,,502,,,0,63,,510,,,0,20,,530,,,0,26,,537,,,0,63,,509,,,0,25,,514,,,0,66,,501,,,0,23,,523,,,0,19,,512,,,0,70,,519,,,0,27,,533,,,0,61,,505,,,0,27,,522,,,0,18,,521,,,0,63,,506,,,0,29,,528,,,0,103,,538,,,0,108,,532,,,0
300,'2',711,,561,,,0,30,,549,,,0,70,,551,,,0,30,,544,,,0,70,,547,,,0,30,,545,,,0,70,,557,,,0,30,,560,,,0,70,,546,,,0,30,,567,,,0,70,,555,,,0,30,,541,,,0,70,,565,,,0,30,,550,,,0,70,,556,,,0,30,,543,,,0,70,,564,,,0,30,,563,,,0,70,,558,,,0,30,,559,,,0,70,,554,,,0,30,,570,,,0,70,,542,,,0,30,,568,,,0,70,,566,,,0,30,,553,,,0,70,,548,,,0,100,,569,,,0,100,,552,,,0,109,,562,,,0
300,'3',811,,580,,,0,100,,581,,,0,100,,573,,,0,100,,575,,,0,100,,582,,,0,100,,571,,,0,100,,578,,,0,100,,576,,,0,100,,577,,,0,100,,574,,,0,100,,572,,,0,100,,579,,,0
300,'4',601,,622,,,0,37,,607,,,0,20,,593,,,0,66,,585,,,0,22,,606,,,0,66,,609,,,0,23,,598,,,0,65,,618,,,0,23,,611,,,0,20,,613,,,0,65,,617,,,0,23,,616,,,0,20,,595,,,0,65,,599,,,0,23,,600,,,0,20,,589,,,0,65,,621,,,0,23,,608,,,0,60,,590,,,0,25,,597,,,0,23,,586,,,0,60,,602,,,0,25,,584,,,0,63,,592,,,0,20,,612,,,0,26,,619,,,0,63,,591,,,0,25,,596,,,0,66,,583,,,0,23,,605,,,0,19,,594,,,0,70,,601,,,0,27,,615,,,0,61,,587,,,0,27,,604,,,0,18,,603,,,0,63,,588,,,0,29,,610,,,0,103,,620,,,0,108,,614,,,0
300,'5',601,,624,,,0,37,,637,,,0,20,,647,,,0,66,,650,,,0,22,,659,,,0,66,,623,,,0,23,,626,,,0,65,,658,,,0,23,,643,,,0,20,,629,,,0,65,,644,,,0,23,,635,,,0,20,,627,,,0,65,,646,,,0,23,,639,,,0,20,,654,,,0,65,,652,,,0,23,,648,,,0,60,,630,,,0,25,,636,,,0,23,,628,,,0,60,,655,,,0,25,,642,,,0,63,,651,,,0,20,,634,,,0,26,,625,,,0,63,,632,,,0,25,,660,,,0,66,,633,,,0,23,,661,,,0,19,,640,,,0,70,,649,,,0,27,,656,,,0,61,,641,,,0,27,,657,,,0,18,,645,,,0,63,,653,,,0,29,,638,,,0,103,,662,,,0,108,,631,,,0
1801,'1',627,,3288,,,0,30,,3301,,,0,70,,3276,,,0,30,,3290,,,0,70,,3274,,,0,30,,3280,,,0,70,,3296,,,0,30,,3277,,,0,70,,3298,,,0,30,,3278,,,0,70,,3282,,,0,30,,3285,,,0,70,,3279,,,0,30,,3291,,,0,70,,3273,,,0,30,,3286,,,0,70,,3283,,,0,30,,3294,,,0,70,,3281,,,0,30,,3287,,,0,76,,3293,,,0,70,,3295,,,0,30,,3297,,,0,70,,3299,,,0,30,,3275,,,0,24,,3300,,,0,70,,3292,,,0,100,,3284,,,0,100,,3289,,,0
1801,'2',727,,3303,,,0,100,,3309,,,0,100,,3312,,,0,100,,3314,,,0,100,,3304,,,0,100,,3311,,,0,100,,3306,,,0,100,,3307,,,0,100,,3308,,,0,100,,3310,,,0,100,,3305,,,0,100,,3313,,,0,100,,3302,,,0
1801,'3',827,,3315,,,0,100,,3323,,,0,100,,3320,,,0,100,,3321,,,0,100,,3322,,,0,100,,3316,,,0,100,,3326,,,0,100,,3318,,,0,100,,3319,,,0,100,,3324,,,0,100,,3317,,,0,100,,3325,,,0
1801,'4',627,,3342,,,0,30,,3355,,,0,70,,3330,,,0,30,,3344,,,0,70,,3328,,,0,30,,3334,,,0,70,,3350,,,0,30,,3331,,,0,70,,3352,,,0,30,,3332,,,0,70,,3336,,,0,30,,3339,,,0,70,,3333,,,0,30,,3345,,,0,70,,3327,,,0,30,,3340,,,0,70,,3337,,,0,30,,3348,,,0,70,,3335,,,0,30,,3341,,,0,76,,3347,,,0,70,,3349,,,0,30,,3351,,,0,70,,3353,,,0,30,,3329,,,0,24,,3354,,,0,70,,3346,,,0,100,,3338,,,0,100,,3343,,,0
1801,'5',627,,3361,,,0,30,,3381,,,0,70,,3374,,,0,30,,3382,,,0,70,,3373,,,0,30,,3359,,,0,70,,3357,,,0,30,,3362,,,0,70,,3375,,,0,30,,3363,,,0,70,,3372,,,0,30,,3378,,,0,70,,3365,,,0,30,,3369,,,0,70,,3368,,,0,30,,3364,,,0,70,,3377,,,0,30,,3379,,,0,70,,3376,,,0,30,,3367,,,0,76,,3380,,,0,70,,3360,,,0,30,,3356,,,0,70,,3370,,,0,30,,3358,,,0,24,,3366,,,0,70,,3383,,,0,100,,3371,,,0,100,,3384,,,0
2801,'1',636,,4049,,,0,70,,4039,,,0,30,,4047,,,0,70,,4040,,,0,30,,4042,,,0,70,,4057,,,0,30,,4034,,,0,70,,4054,,,0,30,,4051,,,0,70,,4035,,,0,30,,4046,,,0,70,,4053,,,0,30,,4045,,,0,70,,4048,,,0,30,,4041,,,0,70,,4043,,,0,30,,4032,,,0,70,,4055,,,0,30,,4061,,,0,70,,4052,,,0,36,,4059,,,0,70,,4060,,,0,30,,4038,,,0,70,,4058,,,0,30,,4044,,,0,64,,4037,,,0,30,,4050,,,0,70,,4056,,,0,100,,4036,,,0,100,,4033,,,0
2801,'2',706,,4069,,,0,100,,4072,,,0,100,,4074,,,0,100,,4063,,,0,100,,4073,,,0,100,,4070,,,0,100,,4067,,,0,100,,4064,,,0,100,,4066,,,0,100,,4068,,,0,100,,4075,,,0,100,,4071,,,0,100,,4065,,,0,100,,4062,,,0
2801,'3',806,,4084,,,0,100,,4081,,,0,100,,4078,,,0,100,,4077,,,0,100,,4085,,,0,100,,4086,,,0,100,,4082,,,0,100,,4087,,,0,100,,4079,,,0,100,,4080,,,0,100,,4088,,,0,100,,4076,,,0,100,,4083,,,0
2801,'4',636,,4107,,,0,70,,4097,,,0,30,,4105,,,0,70,,4098,,,0,30,,4100,,,0,70,,4114,,,0,30,,4092,,,0,70,,4112,,,0,30,,4109,,,0,70,,4093,,,0,30,,4104,,,0,70,,4111,,,0,30,,4103,,,0,70,,4106,,,0,30,,4099,,,0,70,,4101,,,0,30,,4089,,,0,70,,4113,,,0,30,,4118,,,0,70,,4110,,,0,36,,4116,,,0,70,,4117,,,0,30,,4096,,,0,70,,4115,,,0,30,,4102,,,0,64,,4094,,,0,30,,4108,,,0,70,,4091,,,0,100,,4095,,,0,100,,4090,,,0
2801,'5',636,,4134,,,0,70,,4140,,,0,30,,4119,,,0,70,,4129,,,0,30,,4139,,,0,70,,4141,,,0,30,,4136,,,0,70,,4126,,,0,30,,4146,,,0,70,,4120,,,0,30,,4125,,,0,70,,4143,,,0,30,,4148,,,0,70,,4147,,,0,30,,4137,,,0,70,,4144,,,0,30,,4121,,,0,70,,4128,,,0,30,,4122,,,0,70,,4135,,,0,36,,4124,,,0,70,,4142,,,0,30,,4133,,,0,70,,4132,,,0,30,,4130,,,0,64,,4127,,,0,30,,4131,,,0,70,,4123,,,0,100,,4138,,,0,100,,4145,,,0
