100,'1',610,,17,,,0,15,,13,,,0,15,,10,,,0,15,,14,,,0,55,,35,,,0,15,,34,,,0,15,,57,,,0,15,,24,,,0,55,,47,,,0,15,,19,,,0,15,,1,,,0,15,,26,,,0,55,,50,,,0,15,,15,,,0,15,,56,,,0,15,,27,,,0,55,,51,,,0,20,,36,,,0,20,,20,,,0,60,,52,,,0,20,,32,,,0,20,,28,,,0,60,,49,,,0,20,,33,,,0,20,,55,,,0,60,,30,,,0,20,,18,,,0,20,,3,,,0,60,,58,,,0,20,,42,,,0,20,,54,,,0,60,,9,,,0,20,,44,,,0,20,,7,,,0,60,,8,,,0,15,,25,,,0,15,,6,,,0,15,,23,,,0,55,,43,,,0,15,,40,,,0,15,,4,,,0,15,,41,,,0,55,,5,,,0,15,,53,,,0,15,,31,,,0,15,,16,,,0,55,,45,,,0,15,,29,,,0,15,,37,,,0,15,,46,,,0,70,,22,,,0,30,,12,,,0,70,,38,,,0,30,,11,,,0,70,,21,,,0,30,,48,,,0,70,,39,,,0,30,,2,,,0
100,'2',726,,59,,,0,30,,63,,,0,70,,64,,,0,30,,88,,,0,70,,79,,,0,30,,65,,,0,70,,70,,,0,30,,61,,,0,70,,81,,,0,30,,84,,,0,70,,78,,,0,30,,73,,,0,70,,68,,,0,30,,89,,,0,70,,83,,,0,30,,66,,,0,70,,77,,,0,30,,85,,,0,70,,67,,,0,30,,72,,,0,70,,60,,,0,30,,62,,,0,70,,74,,,0,30,,76,,,0,70,,71,,,0,30,,82,,,0,70,,75,,,0,30,,86,,,0,70,,80,,,0,100,,87,,,0,100,,69,,,0
100,'3',826,,93,,,0,30,,104,,,0,70,,110,,,0,30,,94,,,0,70,,95,,,0,30,,112,,,0,70,,114,,,0,30,,100,,,0,70,,111,,,0,30,,105,,,0,70,,107,,,0,30,,113,,,0,70,,92,,,0,30,,103,,,0,70,,102,,,0,30,,109,,,0,70,,99,,,0,30,,101,,,0,70,,97,,,0,30,,98,,,0,70,,96,,,0,30,,106,,,0,70,,90,,,0,30,,108,,,0,70,,91,,,0
100,'4',610,,131,,,0,15,,127,,,0,15,,124,,,0,15,,128,,,0,55,,149,,,0,15,,148,,,0,15,,171,,,0,15,,138,,,0,55,,161,,,0,15,,133,,,0,15,,115,,,0,15,,140,,,0,55,,164,,,0,15,,129,,,0,15,,170,,,0,15,,141,,,0,55,,165,,,0,20,,150,,,0,20,,134,,,0,60,,166,,,0,20,,146,,,0,20,,142,,,0,60,,163,,,0,20,,147,,,0,20,,169,,,0,60,,144,,,0,20,,132,,,0,20,,117,,,0,60,,172,,,0,20,,156,,,0,20,,168,,,0,60,,123,,,0,20,,158,,,0,20,,121,,,0,60,,122,,,0,15,,139,,,0,15,,120,,,0,15,,137,,,0,55,,157,,,0,15,,154,,,0,15,,118,,,0,15,,155,,,0,55,,119,,,0,15,,167,,,0,15,,145,,,0,15,,130,,,0,55,,159,,,0,15,,143,,,0,15,,151,,,0,15,,160,,,0,70,,136,,,0,30,,126,,,0,70,,152,,,0,30,,125,,,0,70,,135,,,0,30,,162,,,0,70,,153,,,0,30,,116,,,0
100,'5',610,,238,,,0,15,,245,,,0,10,,176,,,0,10,,210,,,0,10,,247,,,0,50,,250,,,0,10,,196,,,0,10,,202,,,0,10,,226,,,0,10,,199,,,0,10,,237,,,0,50,,228,,,0,10,,181,,,0,10,,178,,,0,10,,219,,,0,10,,232,,,0,10,,227,,,0,50,,204,,,0,10,,224,,,0,10,,194,,,0,10,,182,,,0,10,,207,,,0,55,,206,,,0,15,,191,,,0,15,,222,,,0,15,,215,,,0,55,,234,,,0,15,,249,,,0,15,,244,,,0,15,,209,,,0,55,,240,,,0,15,,195,,,0,15,,216,,,0,15,,180,,,0,55,,217,,,0,15,,213,,,0,15,,174,,,0,15,,235,,,0,55,,221,,,0,15,,184,,,0,15,,211,,,0,15,,229,,,0,55,,220,,,0,15,,218,,,0,15,,193,,,0,15,,175,,,0,10,,243,,,0,50,,188,,,0,10,,208,,,0,10,,200,,,0,10,,189,,,0,10,,223,,,0,10,,185,,,0,50,,246,,,0,10,,248,,,0,10,,225,,,0,10,,205,,,0,10,,239,,,0,10,,192,,,0,50,,212,,,0,10,,231,,,0,10,,203,,,0,10,,186,,,0,10,,230,,,0,10,,187,,,0,50,,173,,,0,10,,197,,,0,10,,241,,,0,10,,190,,,0,20,,233,,,0,70,,198,,,0,30,,183,,,0,70,,214,,,0,30,,236,,,0,70,,242,,,0,30,,201,,,0,70,,179,,,0,30,,177,,,0
600,'1',716,,2038,,,0,25,,2036,,,0,65,,2039,,,0,25,,2014,,,0,25,,2019,,,0,65,,2031,,,0,25,,2012,,,0,74,,2033,,,0,35,,2032,,,0,75,,2013,,,0,75,,2040,,,0,35,,2018,,,0,75,,2021,,,0,35,,2034,,,0,75,,2020,,,0,75,,2030,,,0,38,,2027,,,0,68,,2025,,,0,25,,2023,,,0,25,,2035,,,0,65,,2017,,,0,25,,2024,,,0,65,,2028,,,0,25,,2016,,,0,65,,2011,,,0,22,,2015,,,0,25,,2022,,,0,62,,2029,,,0,25,,2037,,,0,65,,2026,,,0
600,'2',705,,2052,,,0,105,,2050,,,0,100,,2043,,,0,100,,2053,,,0,100,,2049,,,0,100,,2051,,,0,100,,2041,,,0,100,,2047,,,0,100,,2045,,,0,100,,2042,,,0,100,,2048,,,0,100,,2046,,,0,100,,2044,,,0
600,'3',807,,2054,,,0,103,,2055,,,0,100,,2061,,,0,100,,2063,,,0,100,,2064,,,0,100,,2058,,,0,100,,2065,,,0,100,,2060,,,0,100,,2059,,,0,100,,2062,,,0,100,,2057,,,0,100,,2056,,,0
600,'4',716,,2093,,,0,25,,2091,,,0,65,,2094,,,0,25,,2069,,,0,25,,2074,,,0,65,,2086,,,0,25,,2067,,,0,74,,2088,,,0,35,,2087,,,0,75,,2068,,,0,75,,2095,,,0,35,,2073,,,0,75,,2076,,,0,35,,2089,,,0,75,,2075,,,0,75,,2085,,,0,38,,2082,,,0,68,,2080,,,0,25,,2078,,,0,25,,2090,,,0,65,,2072,,,0,25,,2079,,,0,65,,2083,,,0,25,,2071,,,0,65,,2066,,,0,22,,2070,,,0,25,,2077,,,0,62,,2084,,,0,25,,2092,,,0,65,,2081,,,0
600,'5',716,,2122,,,0,25,,2112,,,0,65,,2109,,,0,25,,2106,,,0,25,,2117,,,0,65,,2108,,,0,25,,2105,,,0,74,,2119,,,0,35,,2096,,,0,75,,2121,,,0,75,,2099,,,0,35,,2118,,,0,75,,2103,,,0,35,,2104,,,0,75,,2098,,,0,75,,2114,,,0,38,,2102,,,0,68,,2111,,,0,25,,2125,,,0,25,,2110,,,0,65,,2100,,,0,25,,2124,,,0,65,,2097,,,0,25,,2116,,,0,65,,2123,,,0,22,,2107,,,0,25,,2113,,,0,62,,2115,,,0,25,,2101,,,0,65,,2120,,,0
601,'1',633,,2155,0,5 6 1 7,0,25,,2136,0,5 6 1 7,0,65,,2153,0,5 6 1 7,0,25,,2146,0,5 6 1 7,0,65,,2134,0,5 6 1 7,0,25,,2131,0,5 6 1 7,0,65,,2142,0,5 6 1 7,0,33,,2132,0,5 6 1 7,0,75,,2154,0,5 6 1 7,0,35,,2141,0,5 6 1 7,0,75,,2152,0,5 6 1 7,0,35,,2129,0,5 6 1 7,0,75,,2137,0,5 6 1 7,0,75,,2139,0,5 6 1 7,0,35,,2143,0,5 6 1 7,0,75,,2145,0,5 6 1 7,0,35,,2130,0,5 6 1 7,0,69,,2151,0,5 6 1 7,0,25,,2140,0,5 6 1 7,0,65,,2127,0,5 6 1 7,0,25,,2148,0,5 6 1 7,0,65,,2150,0,5 6 1 7,0,25,,2144,0,5 6 1 7,0,25,,2135,0,5 6 1 7,0,65,,2133,0,5 6 1 7,0,25,,2126,0,5 6 1 7,0,65,,2147,0,5 6 1 7,0,21,,2138,0,5 6 1 7,0,25,,2149,0,5 6 1 7,0,65,,2128,0,5 6 1 7,0
601,'2',730,,2160,0,5 6 1 7,0,100,,2163,0,5 6 1 7,0,100,,2158,0,5 6 1 7,0,100,,2161,0,5 6 1 7,0,100,,2159,0,5 6 1 7,0,100,,2167,0,5 6 1 7,0,100,,2157,0,5 6 1 7,0,100,,2164,0,5 6 1 7,0,100,,2168,0,5 6 1 7,0,100,,2166,0,5 6 1 7,0,100,,2156,0,5 6 1 7,0,100,,2162,0,5 6 1 7,0,100,,2165,0,5 6 1 7,0
601,'3',830,,2180,0,5 6 1 7,0,100,,2169,0,5 6 1 7,0,100,,2173,0,5 6 1 7,0,100,,2172,0,5 6 1 7,0,100,,2177,0,5 6 1 7,0,100,,2174,0,5 6 1 7,0,100,,2171,0,5 6 1 7,0,100,,2178,0,5 6 1 7,0,100,,2175,0,5 6 1 7,0,100,,2170,0,5 6 1 7,0,100,,2176,0,5 6 1 7,0,100,,2179,0,5 6 1 7,0
601,'4',633,,2210,0,5 6 1 7,0,25,,2191,0,5 6 1 7,0,65,,2208,0,5 6 1 7,0,25,,2201,0,5 6 1 7,0,65,,2189,0,5 6 1 7,0,25,,2186,0,5 6 1 7,0,65,,2197,0,5 6 1 7,0,33,,2187,0,5 6 1 7,0,75,,2209,0,5 6 1 7,0,35,,2196,0,5 6 1 7,0,75,,2207,0,5 6 1 7,0,35,,2184,0,5 6 1 7,0,75,,2192,0,5 6 1 7,0,75,,2194,0,5 6 1 7,0,35,,2198,0,5 6 1 7,0,75,,2200,0,5 6 1 7,0,35,,2185,0,5 6 1 7,0,69,,2206,0,5 6 1 7,0,25,,2195,0,5 6 1 7,0,65,,2182,0,5 6 1 7,0,25,,2203,0,5 6 1 7,0,65,,2205,0,5 6 1 7,0,25,,2199,0,5 6 1 7,0,25,,2190,0,5 6 1 7,0,65,,2188,0,5 6 1 7,0,25,,2181,0,5 6 1 7,0,65,,2202,0,5 6 1 7,0,21,,2193,0,5 6 1 7,0,25,,2204,0,5 6 1 7,0,65,,2183,0,5 6 1 7,0
601,'5',633,,2230,0,5 6 1 7,0,25,,2220,0,5 6 1 7,0,65,,2216,0,5 6 1 7,0,25,,2219,0,5 6 1 7,0,65,,2214,0,5 6 1 7,0,25,,2215,0,5 6 1 7,0,65,,2218,0,5 6 1 7,0,33,,2211,0,5 6 1 7,0,75,,2236,0,5 6 1 7,0,35,,2213,0,5 6 1 7,0,75,,2221,0,5 6 1 7,0,35,,2223,0,5 6 1 7,0,75,,2238,0,5 6 1 7,0,75,,2229,0,5 6 1 7,0,35,,2232,0,5 6 1 7,0,75,,2226,0,5 6 1 7,0,35,,2217,0,5 6 1 7,0,69,,2240,0,5 6 1 7,0,25,,2234,0,5 6 1 7,0,65,,2227,0,5 6 1 7,0,25,,2212,0,5 6 1 7,0,65,,2222,0,5 6 1 7,0,25,,2237,0,5 6 1 7,0,25,,2239,0,5 6 1 7,0,65,,2224,0,5 6 1 7,0,25,,2225,0,5 6 1 7,0,65,,2228,0,5 6 1 7,0,21,,2233,0,5 6 1 7,0,25,,2231,0,5 6 1 7,0,65,,2235,0,5 6 1 7,0
