600,'1',741,,2038,,,0,65,,2036,,,0,25,,2039,,,0,25,,2014,,,0,65,,2019,,,0,25,,2031,,,0,65,,2012,,,0,34,,2033,,,0,75,,2032,,,0,35,,2013,,,0,75,,2040,,,0,75,,2018,,,0,35,,2021,,,0,75,,2034,,,0,35,,2020,,,0,75,,2030,,,0,80,,2027,,,0,28,,2025,,,0,25,,2023,,,0,65,,2035,,,0,25,,2017,,,0,65,,2024,,,0,25,,2028,,,0,65,,2016,,,0,25,,2011,,,0,20,,2015,,,0,65,,2022,,,0,22,,2029,,,0,65,,2037,,,0,25,,2026,,,0
600,'2',730,,2052,,,0,105,,2050,,,0,100,,2043,,,0,100,,2053,,,0,100,,2049,,,0,100,,2051,,,0,100,,2041,,,0,100,,2047,,,0,100,,2045,,,0,100,,2042,,,0,100,,2048,,,0,100,,2046,,,0,100,,2044,,,0
600,'3',832,,2054,,,0,103,,2055,,,0,100,,2061,,,0,100,,2063,,,0,100,,2064,,,0,100,,2058,,,0,100,,2065,,,0,100,,2060,,,0,100,,2059,,,0,100,,2062,,,0,100,,2057,,,0,100,,2056,,,0
600,'4',741,,2093,,,0,65,,2091,,,0,25,,2094,,,0,25,,2069,,,0,65,,2074,,,0,25,,2086,,,0,65,,2067,,,0,34,,2088,,,0,75,,2087,,,0,35,,2068,,,0,75,,2095,,,0,75,,2073,,,0,35,,2076,,,0,75,,2089,,,0,35,,2075,,,0,75,,2085,,,0,80,,2082,,,0,28,,2080,,,0,25,,2078,,,0,65,,2090,,,0,25,,2072,,,0,65,,2079,,,0,25,,2083,,,0,65,,2071,,,0,25,,2066,,,0,20,,2070,,,0,65,,2077,,,0,22,,2084,,,0,65,,2092,,,0,25,,2081,,,0
600,'5',741,,2122,,,0,65,,2112,,,0,25,,2109,,,0,25,,2106,,,0,65,,2117,,,0,25,,2108,,,0,65,,2105,,,0,34,,2119,,,0,75,,2096,,,0,35,,2121,,,0,75,,2099,,,0,75,,2118,,,0,35,,2103,,,0,75,,2104,,,0,35,,2098,,,0,75,,2114,,,0,80,,2102,,,0,28,,2111,,,0,25,,2125,,,0,65,,2110,,,0,25,,2100,,,0,65,,2124,,,0,25,,2097,,,0,65,,2116,,,0,25,,2123,,,0,20,,2107,,,0,65,,2113,,,0,22,,2115,,,0,65,,2101,,,0,25,,2120,,,0
1001,'1',702,,2284,,,0,30,,2283,,,0,70,,2288,,,0,30,,2294,,,0,70,,2291,,,0,30,,2285,,,0,70,,2295,,,0
1001,'4',702,,2298,,,0,30,,2297,,,0,70,,2302,,,0,30,,2308,,,0,70,,2305,,,0,30,,2299,,,0,70,,2309,,,0
1001,'5',702,,2314,,,0,30,,2311,,,0,70,,2323,,,0,30,,2318,,,0,70,,2320,,,0,30,,2324,,,0,70,,2312,,,0
1301,'1',634,,2578,,,0,80,,2594,,,0,40,,2600,,,0,80,,2595,,,0,80,,2584,,,0,40,,2580,,,0,80,,2581,,,0,80,,2579,,,0,40,,2591,,,0,80,,2601,,,0,80,,2592,,,0,40,,2598,,,0,80,,2589,,,0,80,,2577,,,0,40,,2593,,,0,80,,2585,,,0,80,,2603,,,0,40,,2597,,,0,80,,2587,,,0,80,,2586,,,0,40,,2596,,,0,80,,2582,,,0,80,,2588,,,0,40,,2599,,,0,80,,2602,,,0,80,,2590,,,0,40,,2583,,,0
1301,'2',712,,2619,,,0,100,,2607,,,0,100,,2605,,,0,100,,2604,,,0,100,,2609,,,0,100,,2615,,,0,100,,2610,,,0,100,,2608,,,0,100,,2614,,,0,100,,2617,,,0,100,,2613,,,0,100,,2618,,,0,100,,2612,,,0,100,,2606,,,0,100,,2611,,,0,100,,2616,,,0
1301,'3',812,,2620,,,0,100,,2626,,,0,100,,2623,,,0,100,,2629,,,0,100,,2624,,,0,100,,2622,,,0,100,,2621,,,0,100,,2630,,,0,100,,2631,,,0,100,,2625,,,0,100,,2627,,,0,100,,2628,,,0
1301,'4',634,,2633,,,0,80,,2649,,,0,40,,2655,,,0,80,,2650,,,0,80,,2639,,,0,40,,2635,,,0,80,,2636,,,0,80,,2634,,,0,40,,2646,,,0,80,,2656,,,0,80,,2647,,,0,40,,2653,,,0,80,,2644,,,0,80,,2632,,,0,40,,2648,,,0,80,,2640,,,0,80,,2658,,,0,40,,2652,,,0,80,,2642,,,0,80,,2641,,,0,40,,2651,,,0,80,,2637,,,0,80,,2643,,,0,40,,2654,,,0,80,,2657,,,0,80,,2645,,,0,40,,2638,,,0
1301,'5',640,,2684,,,0,75,,2665,,,0,30,,2685,,,0,65,,2690,,,0,30,,2680,,,0,69,,2664,,,0,30,,2659,,,0,70,,2674,,,0,25,,2660,,,0,25,,2694,,,0,65,,2668,,,0,25,,2681,,,0,65,,2671,,,0,25,,2678,,,0,65,,2677,,,0,25,,2695,,,0,25,,2663,,,0,65,,2687,,,0,31,,2667,,,0,65,,2697,,,0,30,,2683,,,0,70,,2672,,,0,15,,2682,,,0,25,,2662,,,0,70,,2676,,,0,30,,2693,,,0,70,,2696,,,0,30,,2691,,,0,64,,2679,,,0,26,,2669,,,0,66,,2675,,,0,26,,2661,,,0,66,,2666,,,0,26,,2688,,,0,26,,2673,,,0,66,,2689,,,0,26,,2692,,,0,66,,2686,,,0,26,,2670,,,0
3401,'1',742,,4179,,,0,74,,4186,,,0,30,,4180,,,0,874,,4187,,,0,20,,4183,,,0,70,,4181,,,0,30,,4184,,,0,70,,4185,,,0,37,,4188,,,0,70,,4182,,,0
3401,'4',742,,4189,,,0,74,,4196,,,0,30,,4190,,,0,874,,4197,,,0,20,,4193,,,0,70,,4191,,,0,30,,4194,,,0,70,,4195,,,0,37,,4198,,,0,70,,4192,,,0
3401,'5',742,,4205,,,0,74,,4199,,,0,30,,4201,,,0,874,,4207,,,0,20,,4200,,,0,70,,4203,,,0,30,,4204,,,0,70,,4206,,,0,37,,4202,,,0,70,,4208,,,0
