101,'1',800,,138,13,0,39 1 9,1,30,,146,13,0,39 1 9,1,70,,136,13,0,39 1 9,1,30,,153,13,0,39 1 9,1,70,,144,13,0,39 1 9,1,30,,158,13,0,39 1 9,1,70,,151,13,0,39 1 9,1,30,,157,13,0,39 1 9,1,70,,143,13,0,39 1 9,1,30,,139,13,0,39 1 9,1,70,,156,13,0,39 1 9,1,30,,152,13,0,39 1 9,1,70,,145,13,0,39 1 9,1,30,,149,13,0,39 1 9,1,70,,142,13,0,39 1 9,1,30,,154,13,0,39 1 9,1,70,,159,13,0,39 1 9,1,30,,148,13,0,39 1 9,1,70,,147,13,0,39 1 9,1,30,,150,13,0,39 1 9,1,70,,137,13,0,39 1 9,1,30,,141,13,0,39 1 9,1,70,,135,13,0,39 1 9,1,30,,155,13,0,39 1 9,1,70,,140,13,0,39 1 9,1
101,'2',700,,183,13,0,39 1 9,1,30,,181,13,0,39 1 9,1,70,,161,13,0,39 1 9,1,30,,172,13,0,39 1 9,1,70,,171,13,0,39 1 9,1,30,,187,13,0,39 1 9,1,70,,185,13,0,39 1 9,1,30,,173,13,0,39 1 9,1,70,,179,13,0,39 1 9,1,30,,180,13,0,39 1 9,1,70,,178,13,0,39 1 9,1,30,,175,13,0,39 1 9,1,70,,177,13,0,39 1 9,1,30,,186,13,0,39 1 9,1,70,,163,13,0,39 1 9,1,30,,167,13,0,39 1 9,1,70,,165,13,0,39 1 9,1,30,,190,13,0,39 1 9,1,70,,182,13,0,39 1 9,1,30,,189,13,0,39 1 9,1,70,,170,13,0,39 1 9,1,30,,168,13,0,39 1 9,1,70,,184,13,0,39 1 9,1,30,,166,13,0,39 1 9,1,70,,188,13,0,39 1 9,1,30,,169,13,0,39 1 9,1,70,,176,13,0,39 1 9,1,30,,164,13,0,39 1 9,1,70,,160,13,0,39 1 9,1,100,,174,13,0,39 1 9,1,100,,162,13,0,39 1 9,1
101,'3',600,,266,13,0,39 1 9,1,10,,256,13,0,39 1 9,1,10,,265,13,0,39 1 9,1,10,,221,13,0,39 1 9,1,10,,257,13,0,39 1 9,1,10,,250,13,0,39 1 9,1,50,,254,13,0,39 1 9,1,10,,212,13,0,39 1 9,1,10,,218,13,0,39 1 9,1,10,,239,13,0,39 1 9,1,10,,226,13,0,39 1 9,1,10,,206,13,0,39 1 9,1,50,,228,13,0,39 1 9,1,10,,200,13,0,39 1 9,1,10,,267,13,0,39 1 9,1,10,,224,13,0,39 1 9,1,10,,230,13,0,39 1 9,1,10,,216,13,0,39 1 9,1,50,,233,13,0,39 1 9,1,10,,213,13,0,39 1 9,1,10,,255,13,0,39 1 9,1,15,,202,13,0,39 1 9,1,15,,247,13,0,39 1 9,1,55,,193,13,0,39 1 9,1,15,,240,13,0,39 1 9,1,15,,235,13,0,39 1 9,1,15,,203,13,0,39 1 9,1,55,,238,13,0,39 1 9,1,15,,208,13,0,39 1 9,1,15,,248,13,0,39 1 9,1,15,,225,13,0,39 1 9,1,55,,253,13,0,39 1 9,1,15,,260,13,0,39 1 9,1,15,,261,13,0,39 1 9,1,15,,263,13,0,39 1 9,1,55,,194,13,0,39 1 9,1,15,,223,13,0,39 1 9,1,15,,215,13,0,39 1 9,1,15,,211,13,0,39 1 9,1,55,,214,13,0,39 1 9,1,15,,199,13,0,39 1 9,1,15,,268,13,0,39 1 9,1,15,,197,13,0,39 1 9,1,55,,236,13,0,39 1 9,1,15,,234,13,0,39 1 9,1,10,,243,13,0,39 1 9,1,10,,237,13,0,39 1 9,1,10,,198,13,0,39 1 9,1,50,,209,13,0,39 1 9,1,10,,231,13,0,39 1 9,1,10,,249,13,0,39 1 9,1,10,,244,13,0,39 1 9,1,10,,220,13,0,39 1 9,1,10,,227,13,0,39 1 9,1,50,,229,13,0,39 1 9,1,10,,246,13,0,39 1 9,1,10,,207,13,0,39 1 9,1,10,,259,13,0,39 1 9,1,10,,219,13,0,39 1 9,1,10,,242,13,0,39 1 9,1,50,,192,13,0,39 1 9,1,10,,204,13,0,39 1 9,1,10,,201,13,0,39 1 9,1,10,,195,13,0,39 1 9,1,10,,217,13,0,39 1 9,1,10,,232,13,0,39 1 9,1,50,,241,13,0,39 1 9,1,10,,222,13,0,39 1 9,1,20,,210,13,0,39 1 9,1,70,,196,13,0,39 1 9,1,30,,258,13,0,39 1 9,1,70,,205,13,0,39 1 9,1,30,,264,13,0,39 1 9,1,70,,245,13,0,39 1 9,1,30,,252,13,0,39 1 9,1,70,,262,13,0,39 1 9,1,30,,191,13,0,39 1 9,1,28,,251,13,0,11 12,1
1900,'1',910,,1750,43,,,1,100,,1758,43,,,1,100,,1756,43,,,1,100,,1755,43,,,1,100,,1749,43,,,1,100,,1759,43,,,1,100,,1760,43,,,1,100,,1757,43,,,1,100,,1753,43,,,1,100,,1751,43,,,1,100,,1754,43,,,1,100,,1752,43,,,1
1900,'2',810,,1764,43,,,1,100,,1774,43,,,1,100,,1771,43,,,1,100,,1766,43,,,1,100,,1763,43,,,1,100,,1765,43,,,1,100,,1768,43,,,1,100,,1761,43,,,1,100,,1769,43,,,1,100,,1772,43,,,1,100,,1773,43,,,1,100,,1762,43,,,1,100,,1767,43,,,1,100,,1770,43,,,1
1900,'3',640,,1780,43,,,1,72,,1786,43,,,1,28,,1775,43,,,1,70,,1804,43,,,1,31,,1797,43,,,1,69,,1789,43,,,1,27,,1800,43,,,1,69,,1795,43,,,1,24,,1782,43,,,1,27,,1792,43,,,1,69,,1805,43,,,1,24,,1799,43,,,1,67,,1785,43,,,1,29,,1779,43,,,1,64,,1810,43,,,1,27,,1801,43,,,1,69,,1808,43,,,1,20,,1811,43,,,1,31,,1806,43,,,1,51,,1777,37,,,1,21,,1802,43,,,1,30,,1790,43,,,1,67,,1809,43,,,1,30,,1803,43,,,1,70,,1787,43,,,1,27,,1788,43,,,1,70,,1778,43,,,1,30,,1784,43,,,1,67,,1793,43,,,1,27,,1796,43,,,1,67,,1807,43,,,1,27,,1794,43,,,1,70,,1776,43,,,1,90,,1791,43,,,1,30,,1781,43,,,1,90,,1783,43,,,1,30,,1798,43,,,1
2000,'1',901,,1887,27,,,1,100,,1885,27,,,1,100,,1879,27,,,1,100,,1877,27,,,1,100,,1876,27,,,1,100,,1883,27,,,1,100,,1881,27,,,1,100,,1880,27,,,1,100,,1884,27,,,1,100,,1878,27,,,1,100,,1882,27,,,1,100,,1886,27,,,1
2000,'2',801,,1896,27,,,1,100,,1888,27,,,1,100,,1893,27,,,1,100,,1890,27,,,1,100,,1894,27,,,1,100,,1900,27,,,1,100,,1891,27,,,1,100,,1898,27,,,1,100,,1899,27,,,1,100,,1897,27,,,1,100,,1889,27,,,1,100,,1895,27,,,1,100,,1892,27,,,1
2000,'3',633,,1927,27,,,1,75,,1915,27,,,1,35,,1914,27,,,1,75,,1917,27,,,1,35,,1906,27,,,1,75,,1912,27,,,1,73,,1902,27,,,1,30,,1924,27,,,1,70,,1918,27,,,1,30,,1920,27,,,1,70,,1929,27,,,1,30,,1905,27,,,1,70,,1907,27,,,1,30,,1928,27,,,1,70,,1916,27,,,1,30,,1910,27,,,1,70,,1922,27,,,1,46,,1926,27,,,1,87,,1908,27,,,1,74,,1919,27,,,1,36,,1903,27,,,1,82,,1913,27,,,1,31,,1921,27,,,1,84,,1904,27,,,1,70,,1911,27,,,1,92,,1901,27,,,1,28,,1909,27,,,1,70,,1925,27,,,1,100,,1923,27,,,1
7101,'3',1521,,2229,41,,,1
