100,'1',820,,4891,,,1,30,,4880,,,1,70,,3029,,,1,30,,114,,,1,70,,4873,,,1,30,,4885,,,1,70,,4887,,,1,30,,4876,,,1,70,,3591,,,1,30,,3026,,,1,70,,4882,,,1,30,,4886,,,1,70,,4890,,,1,30,,4879,,,1,70,,4878,,,1,30,,4884,,,1,70,,4875,,,1,30,,4877,,,1,70,,3959,,,1,30,,2170,,,1,70,,4874,,,1,30,,4881,,,1,70,,4888,,,1,30,,4883,,,1,70,,4889,,,1
100,'2',720,,4913,,,1,30,,4893,,,1,70,,4894,,,1,30,,2749,,,1,70,,3191,,,1,30,,310,,,1,70,,4899,,,1,30,,4720,,,1,70,,4906,,,1,30,,2744,,,1,70,,2609,,,1,30,,4902,,,1,70,,4897,,,1,30,,4912,,,1,70,,4908,,,1,30,,4895,,,1,70,,4905,,,1,30,,4909,,,1,70,,4896,,,1,30,,4901,,,1,70,,2727,,,1,30,,4892,,,1,70,,4903,,,1,30,,4904,,,1,70,,4900,,,1,30,,4907,,,1,70,,4730,,,1,30,,4910,,,1,70,,4555,,,1,100,,4911,,,1,100,,4898,,,1
100,'3',604,,2389,,,1,15,,240,,,1,10,,3363,,,1,10,,4639,,,1,10,,4958,,,1,10,,4935,,,1,50,,4944,,,1,10,,4926,,,1,10,,4441,,,1,10,,4925,,,1,10,,4920,,,1,10,,1947,,,1,50,,4934,,,1,10,,4953,,,1,10,,4941,,,1,10,,4292,,,1,10,,1906,,,1,10,,4960,,,1,50,,4927,,,1,10,,4922,,,1,10,,4928,,,1,10,,4943,,,1,15,,192,,,1,55,,3759,,,1,15,,2220,,,1,15,,2814,,,1,15,,193,,,1,55,,451,,,1,15,,4947,,,1,15,,4929,,,1,15,,4915,,,1,55,,3072,,,1,15,,4937,,,1,15,,462,,,1,15,,4918,,,1,55,,1542,,,1,15,,2420,,,1,15,,4933,,,1,15,,4954,,,1,55,,4948,,,1,15,,3054,,,1,15,,211,,,1,15,,3883,,,1,55,,4938,,,1,15,,194,,,1,15,,4931,,,1,10,,4951,,,1,10,,4949,,,1,50,,206,,,1,10,,4932,,,1,10,,2219,,,1,10,,4956,,,1,10,,4959,,,1,10,,4364,,,1,50,,4945,,,1,10,,4930,,,1,10,,4914,,,1,10,,189,,,1,10,,4940,,,1,10,,4952,,,1,50,,4950,,,1,10,,4924,,,1,10,,2815,,,1,10,,4921,,,1,10,,4957,,,1,10,,4923,,,1,50,,4917,,,1,10,,4942,,,1,10,,4936,,,1,20,,3670,,,1,70,,4916,,,1,30,,4946,,,1,70,,4919,,,1,30,,4939,,,1,70,,4500,,,1,30,,4955,,,1,70,,3492,,,1,30,,953,,,1
1901,'1',805,,6202,,,1,100,,6192,,,1,100,,6200,,,1,100,,6198,,,1,100,,6201,,,1,100,,6191,,,1,100,,6194,,,1,100,,6196,,,1,100,,6197,,,1,100,,6199,,,1,100,,6193,,,1,100,,6195,,,1
1901,'2',705,,6203,,,1,100,,3012,,,1,100,,6212,,,1,100,,6210,,,1,100,,6215,,,1,100,,6204,,,1,100,,6209,,,1,100,,6211,,,1,100,,6208,,,1,100,,6207,,,1,100,,6206,,,1,100,,6213,,,1,100,,6205,,,1,100,,6214,,,1
1901,'3',557,,1955,,,1,54,,6220,,,1,34,,6239,,,1,71,,6223,,,1,32,,661,,,1,70,,6232,,,1,31,,6226,,,1,68,,6228,,,1,27,,6235,,,1,69,,6237,,,1,24,,6238,,,1,67,,6227,,,1,29,,6242,,,1,24,,6241,,,1,67,,3904,,,1,29,,6234,,,1,60,,6225,,,1,31,,2419,,,1,69,,6229,,,1,18,,6240,,,1,74,,6221,,,1,31,,6219,,,1,68,,3641,,,1,27,,3527,,,1,70,,6222,,,1,30,,4369,,,1,27,,6233,,,1,70,,6224,,,1,29,,6230,,,1,69,,6217,,,1,28,,6218,,,1,67,,6216,,,1,27,,6231,,,1,70,,787,,,1,90,,4201,,,1,30,,6236,,,1,90,,2695,,,1
2001,'1',815,,6285,,,1,100,,6286,,,1,100,,1008,,,1,100,,6283,,,1,100,,6284,,,1,100,,6288,,,1,100,,6289,,,1,100,,6292,,,1,100,,6291,,,1,100,,6287,,,1,100,,6282,,,1,100,,6290,,,1
2001,'2',715,,6304,,,1,100,,3100,,,1,100,,6296,,,1,100,,6302,,,1,100,,6301,,,1,100,,6300,,,1,100,,6299,,,1,100,,3958,,,1,100,,6303,,,1,100,,6293,,,1,100,,6298,,,1,100,,6297,,,1,100,,6294,,,1,100,,1211,,,1,100,,6295,,,1
2001,'3',605,,6313,,,1,29,,2544,,,1,81,,6310,,,1,34,,6321,,,1,75,,6308,,,1,35,,6317,,,1,75,,6323,,,1,70,,3371,,,1,33,,6314,,,1,70,,3357,,,1,30,,1448,,,1,70,,6306,,,1,30,,6311,,,1,70,,6316,,,1,30,,6307,,,1,70,,6320,,,1,30,,2556,,,1,70,,6318,,,1,46,,4822,,,1,83,,2811,,,1,74,,6309,,,1,36,,4827,,,1,82,,6315,,,1,74,,3651,,,1,44,,6322,,,1,66,,6325,,,1,95,,6319,,,1,30,,6305,,,1,70,,6324,,,1,100,,6312,,,1
8000,'3',1140,,2670,,,1
