1401,'1_merged_3768024',552,,2866,,,0,95,,2848,,,0,103,,2847,,,0,100,,2844,,,0,100,,2857,,,0,100,,2850,,,0,100,,2842,,,0,100,,2858,,,0,100,,2849,,,0,100,,2861,,,0,100,,2841,,,0,100,,2864,,,0,100,,2859,,,0,100,,2863,,,0,100,,2869,,,0,100,,2860,,,0
1401,'2_merged_3768026',652,,2885,,,0,99,,2899,,,0,100,,2891,,,0,100,,2880,,,0,100,,2878,,,0,100,,2890,,,0,100,,2883,,,0,100,,2898,,,0,100,,2882,,,0,100,,2897,,,0,100,,2889,,,0,100,,2875,,,0,100,,2888,,,0,100,,2884,,,0
1401,'3_merged_3768025',752,,2904,,,0,99,,2909,,,0,100,,2906,,,0,100,,2918,,,0,100,,2915,,,0,100,,2903,,,0,100,,2907,,,0,100,,2900,,,0,100,,2921,,,0,100,,2908,,,0,100,,2902,,,0,100,,2913,,,0
1401,'4',552,,2950,,,0,95,,2932,,,0,103,,2931,,,0,100,,2928,,,0,100,,2941,,,0,100,,2934,,,0,100,,2926,,,0,100,,2942,,,0,100,,2933,,,0,100,,2945,,,0,100,,2925,,,0,100,,2948,,,0,100,,2943,,,0,100,,2947,,,0,100,,2953,,,0,100,,2944,,,0
1401,'5',552,,2994,,,0,71,,2984,,,0,30,,2995,,,0,70,,2965,,,0,30,,2993,,,0,70,,2990,,,0,30,,2979,,,0,99,,2959,,,0,100,,2982,,,0,100,,2957,,,0,100,,2961,,,0,100,,2968,,,0,100,,2964,,,0,103,,2986,,,0,100,,2992,,,0,70,,2963,,,0,30,,2974,,,0,70,,2988,,,0,30,,2973,,,0,97,,2985,,,0
1001401,'1_merged_3768024',606,,4697,0,23 21 20,0,108,,4688,0,23 21 20,0,108,,4705,0,23 21 20,0,100,,4692,0,23 21 20,0,100,,4714,0,23 21 20,0,100,,4703,0,23 21 20,0,100,,4712,0,23 21 20,0,100,,4708,0,23 21 20,0,100,,4704,0,23 21 20,0,100,,4701,0,23 21 20,0,100,,4690,0,23 21 20,0,100,,4711,0,23 21 20,0,100,,4713,0,23 21 20,0,100,,4684,0,23 21 20,0,100,,4709,0,23 21 20,0,100,,4686,0,23 21 20,0,100,,4689,0,23 21 20,0,100,,4716,0,23 21 20,0
1001401,'2_merged_3768026',725,,4747,0,23 21 20,0,100,,4750,0,23 21 20,0,100,,4728,0,23 21 20,0,100,,4739,0,23 21 20,0,100,,4731,0,23 21 20,0,100,,4744,0,23 21 20,0,100,,4736,0,23 21 20,0,100,,4743,0,23 21 20,0,100,,4720,0,23 21 20,0,100,,4751,0,23 21 20,0,100,,4749,0,23 21 20,0,100,,4737,0,23 21 20,0,100,,4742,0,23 21 20,0,100,,4740,0,23 21 20,0,100,,4748,0,23 21 20,0,100,,4730,0,23 21 20,0,95,,4735,0,23 21 20,0
1001401,'3_merged_3768025',825,,4763,0,23 21 20,0,100,,4765,0,23 21 20,0,100,,4761,0,23 21 20,0,100,,4768,0,23 21 20,0,100,,4772,0,23 21 20,0,100,,4775,0,23 21 20,0,100,,4778,0,23 21 20,0,100,,4767,0,23 21 20,0,100,,4770,0,23 21 20,0,100,,4756,0,23 21 20,0,100,,4757,0,23 21 20,0,100,,4774,0,23 21 20,0
1001401,'4',606,,4794,0,23 21 20,0,108,,4785,0,23 21 20,0,108,,4802,0,23 21 20,0,100,,4789,0,23 21 20,0,100,,4811,0,23 21 20,0,100,,4800,0,23 21 20,0,100,,4809,0,23 21 20,0,100,,4805,0,23 21 20,0,100,,4801,0,23 21 20,0,100,,4798,0,23 21 20,0,100,,4787,0,23 21 20,0,100,,4808,0,23 21 20,0,100,,4810,0,23 21 20,0,100,,4781,0,23 21 20,0,100,,4806,0,23 21 20,0,100,,4783,0,23 21 20,0,100,,4786,0,23 21 20,0,100,,4813,0,23 21 20,0
1001401,'5',606,,4853,0,23 21 20,0,32,,4860,0,23 21 20,0,70,,4854,0,23 21 20,0,30,,4821,0,23 21 20,0,70,,4837,0,23 21 20,0,29,,4861,0,23 21 20,0,82,,4820,0,23 21 20,0,100,,4859,0,23 21 20,0,100,,4818,0,23 21 20,0,100,,4858,0,23 21 20,0,100,,4842,0,23 21 20,0,100,,4862,0,23 21 20,0,105,,4851,0,23 21 20,0,100,,4824,0,23 21 20,0,88,,4852,0,23 21 20,0,30,,4857,0,23 21 20,0,70,,4833,0,23 21 20,0,30,,4831,0,23 21 20,0,77,,4836,0,23 21 20,0,100,,4838,0,23 21 20,0,100,,4829,0,23 21 20,0,103,,4832,0,23 21 20,0,100,,4844,0,23 21 20,0
