300,'1',800,,276,1,,,1,100,,277,1,,,1,100,,269,1,,,1,100,,271,1,,,1,100,,278,1,,,1,100,,279,1,,,1,100,,273,1,,,1,100,,272,1,,,1,100,,274,1,,,1,100,,270,1,,,1,100,,280,1,,,1,100,,275,1,,,1
300,'2',700,,297,1,,,1,30,,285,1,,,1,70,,287,1,,,1,30,,310,1,,,1,70,,283,1,,,1,30,,281,1,,,1,70,,293,1,,,1,30,,296,1,,,1,70,,282,1,,,1,30,,303,1,,,1,70,,291,1,,,1,30,,307,1,,,1,70,,301,1,,,1,30,,286,1,,,1,70,,292,1,,,1,30,,309,1,,,1,70,,300,1,,,1,30,,299,1,,,1,70,,294,1,,,1,30,,295,1,,,1,70,,290,1,,,1,30,,306,1,,,1,70,,308,1,,,1,30,,304,1,,,1,70,,302,1,,,1,30,,289,1,,,1,70,,284,1,,,1,100,,305,1,,,1,100,,288,1,,,1,110,,298,1,,,1
300,'3',551,,316,1,,,1,77,,323,1,,,1,20,,313,1,,,1,66,,341,1,,,1,22,,339,1,,,1,66,,329,1,,,1,23,,335,1,,,1,25,,344,1,,,1,63,,311,1,,,1,20,,348,1,,,1,25,,312,1,,,1,63,,317,1,,,1,20,,350,1,,,1,65,,336,1,,,1,23,,325,1,,,1,20,,319,1,,,1,65,,326,1,,,1,23,,321,1,,,1,20,,320,1,,,1,65,,342,1,,,1,23,,338,1,,,1,60,,345,1,,,1,25,,349,1,,,1,23,,314,1,,,1,60,,347,1,,,1,27,,315,1,,,1,63,,322,1,,,1,25,,333,1,,,1,25,,328,1,,,1,63,,343,1,,,1,20,,318,1,,,1,70,,332,1,,,1,27,,337,1,,,1,20,,346,1,,,1,66,,334,1,,,1,21,,330,1,,,1,63,,340,1,,,1,29,,331,1,,,1,103,,324,1,,,1,108,,327,1,,,1
301,'1',900,,362,24,4,,1,100,,361,24,4,,1,100,,357,24,4,,1,100,,358,24,4,,1,100,,353,24,4,,1,100,,359,24,4,,1,100,,355,24,4,,1,100,,354,24,4,,1,100,,360,24,4,,1,100,,351,24,4,,1,100,,356,24,4,,1,100,,352,24,4,,1
301,'2',730,,382,24,4,,1,70,,371,24,4,,1,30,,379,24,4,,1,70,,370,24,4,,1,30,,366,24,4,,1,70,,388,24,4,,1,30,,389,24,4,,1,70,,364,24,4,,1,30,,374,24,4,,1,70,,377,24,4,,1,30,,378,24,4,,1,70,,363,24,4,,1,30,,381,24,4,,1,70,,376,24,4,,1,30,,368,24,4,,1,70,,365,24,4,,1,30,,375,24,4,,1,70,,373,24,4,,1,30,,386,24,4,,1,70,,367,24,4,,1,30,,380,24,4,,1,70,,372,24,4,,1,30,,392,24,4,,1,70,,391,24,4,,1,30,,390,24,4,,1,70,,383,24,4,,1,100,,384,24,4,,1,100,,385,24,4,,1,100,,387,24,4,,1,100,,369,24,4,,1
301,'3',625,,412,24,4,,1,20,,403,24,4,,1,64,,419,24,4,,1,24,,423,24,4,,1,26,,418,24,4,,1,63,,416,24,4,,1,22,,407,24,4,,1,66,,404,24,4,,1,20,,410,24,4,,1,25,,393,24,4,,1,63,,425,24,4,,1,20,,413,24,4,,1,65,,408,24,4,,1,23,,394,24,4,,1,20,,399,24,4,,1,65,,430,24,4,,1,23,,406,24,4,,1,20,,396,24,4,,1,65,,415,24,4,,1,23,,395,24,4,,1,60,,427,24,4,,1,25,,417,24,4,,1,23,,402,24,4,,1,60,,401,24,4,,1,27,,411,24,4,,1,63,,424,24,4,,1,25,,421,24,4,,1,25,,429,24,4,,1,63,,409,24,4,,1,20,,431,24,4,,1,70,,405,24,4,,1,27,,422,24,4,,1,20,,426,24,4,,1,66,,414,24,4,,1,21,,428,24,4,,1,63,,398,24,4,,1,29,,397,24,4,,1,103,,432,24,4,,1,108,,420,24,4,,1,108,,400,24,4,,1
500,'1',810,,561,13,0,8 7 1 9,1,31,,592,13,0,8 7 1 9,1,68,,607,13,0,8 7 1 9,1,30,,602,13,0,8 7 1 9,1,70,,601,13,0,8 7 1 9,1,30,,572,13,0,8 7 1 9,1,70,,606,13,0,8 7 1 9,1,30,,609,13,0,8 7 1 9,1,70,,591,13,0,8 7 1 9,1,30,,573,13,0,8 7 1 9,1,70,,596,13,0,8 7 1 9,1,30,,595,13,0,8 7 1 9,1,70,,577,13,0,8 7 1 9,1,30,,582,13,0,8 7 1 9,1,70,,581,13,0,8 7 1 9,1,30,,580,13,0,8 7 1 9,1,70,,588,13,0,8 7 1 9,1,30,,597,13,0,8 7 1 9,1,70,,608,13,0,8 7 1 9,1,30,,587,13,0,8 7 1 9,1,70,,579,13,0,8 7 1 9,1,30,,563,13,0,8 7 1 9,1,70,,603,13,0,8 7 1 9,1,30,,605,13,0,8 7 1 9,1,70,,576,13,0,8 7 1 9,1,29,,600,30,4,,1
500,'2',740,,667,13,0,8 7 1 9,1,66,,643,13,0,8 7 1 9,1,29,,621,13,0,8 7 1 9,1,70,,628,13,0,8 7 1 9,1,30,,658,13,0,8 7 1 9,1,70,,647,13,0,8 7 1 9,1,30,,656,13,0,8 7 1 9,1,70,,650,13,0,8 7 1 9,1,30,,612,13,0,8 7 1 9,1,70,,670,13,0,8 7 1 9,1,30,,641,13,0,8 7 1 9,1,70,,620,13,0,8 7 1 9,1,30,,624,13,0,8 7 1 9,1,70,,631,13,0,8 7 1 9,1,30,,636,13,0,8 7 1 9,1,70,,660,13,0,8 7 1 9,1,30,,666,13,0,8 7 1 9,1,70,,639,13,0,8 7 1 9,1,30,,637,13,0,8 7 1 9,1,70,,638,13,0,8 7 1 9,1,30,,615,13,0,8 7 1 9,1,70,,610,13,0,8 7 1 9,1,30,,618,13,0,8 7 1 9,1,70,,664,13,0,8 7 1 9,1,30,,669,13,0,8 7 1 9,1,70,,619,13,0,8 7 1 9,1,30,,623,13,0,8 7 1 9,1,70,,673,13,0,8 7 1 9,1,30,,654,13,0,8 7 1 9,1,70,,622,13,0,8 7 1 9,1,30,,627,13,0,8 7 1 9,1,103,,616,30,4,,1
500,'3',601,,706,1,0,8 7 1 9,1,15,,742,13,0,8 7 1 9,1,22,,789,13,0,8 7 1 9,1,21,,780,13,0,8 7 1 9,1,55,,690,13,0,8 7 1 9,1,19,,783,13,0,8 7 1 9,1,11,,677,13,0,8 7 1 9,1,15,,743,13,0,8 7 1 9,1,55,,729,13,0,8 7 1 9,1,15,,774,13,0,8 7 1 9,1,15,,746,13,0,8 7 1 9,1,57,,678,13,0,8 7 1 9,1,19,,684,13,0,8 7 1 9,1,15,,699,13,0,8 7 1 9,1,9,,788,13,0,8 7 1 9,1,56,,716,13,0,8 7 1 9,1,15,,757,13,0,8 7 1 9,1,11,,769,13,0,8 7 1 9,1,18,,704,13,0,8 7 1 9,1,56,,755,13,0,8 7 1 9,1,24,,675,13,0,8 7 1 9,1,17,,693,13,0,8 7 1 9,1,60,,703,13,0,8 7 1 9,1,20,,753,13,0,8 7 1 9,1,20,,752,13,0,8 7 1 9,1,60,,782,13,0,8 7 1 9,1,20,,697,13,0,8 7 1 9,1,20,,733,13,0,8 7 1 9,1,60,,770,13,0,8 7 1 9,1,20,,719,13,0,8 7 1 9,1,20,,763,13,0,8 7 1 9,1,60,,786,13,0,8 7 1 9,1,20,,778,13,0,8 7 1 9,1,20,,695,13,0,8 7 1 9,1,60,,680,13,0,8 7 1 9,1,19,,674,13,0,8 7 1 9,1,22,,698,13,0,8 7 1 9,1,58,,685,13,0,8 7 1 9,1,15,,744,13,0,8 7 1 9,1,15,,756,13,0,8 7 1 9,1,15,,727,13,0,8 7 1 9,1,55,,694,13,0,8 7 1 9,1,12,,776,13,0,8 7 1 9,1,18,,772,13,0,8 7 1 9,1,15,,725,13,0,8 7 1 9,1,55,,779,13,0,8 7 1 9,1,15,,687,13,0,8 7 1 9,1,19,,710,13,0,8 7 1 9,1,15,,701,13,0,8 7 1 9,1,51,,737,13,0,8 7 1 9,1,15,,714,13,0,8 7 1 9,1,15,,732,13,0,8 7 1 9,1,11,,785,13,0,8 7 1 9,1,67,,691,13,0,8 7 1 9,1,30,,681,13,0,8 7 1 9,1,70,,715,13,0,8 7 1 9,1,31,,707,13,0,8 7 1 9,1,69,,679,13,0,8 7 1 9,1,24,,717,30,4,,1
501,'1',748,,793,15,0,13 5 6 1 7,1,65,,833,15,0,13 5 6 1 7,1,30,,812,15,0,13 5 6 1 7,1,70,,814,15,0,13 5 6 1 7,1,30,,828,15,0,13 5 6 1 7,1,70,,799,15,0,13 5 6 1 7,1,30,,821,15,0,13 5 6 1 7,1,70,,802,15,0,13 5 6 1 7,1,30,,795,15,0,13 5 6 1 7,1,70,,801,15,0,13 5 6 1 7,1,30,,819,15,0,13 5 6 1 7,1,70,,811,15,0,13 5 6 1 7,1,30,,838,15,0,13 5 6 1 7,1,70,,818,15,0,13 5 6 1 7,1,30,,823,15,0,13 5 6 1 7,1,70,,825,15,0,13 5 6 1 7,1,30,,791,15,0,13 5 6 1 7,1,70,,817,15,0,13 5 6 1 7,1,30,,807,15,0,13 5 6 1 7,1,70,,826,15,0,13 5 6 1 7,1,30,,840,15,0,13 5 6 1 7,1,70,,831,15,0,13 5 6 1 7,1,30,,804,15,0,13 5 6 1 7,1,70,,797,15,0,13 5 6 1 7,1,30,,798,15,0,13 5 6 1 7,1
501,'2',648,,868,15,0,13 5 6 1 7,1,65,,893,15,0,13 5 6 1 7,1,30,,889,15,0,13 5 6 1 7,1,70,,867,15,0,13 5 6 1 7,1,30,,877,15,0,13 5 6 1 7,1,70,,887,15,0,13 5 6 1 7,1,30,,899,15,0,13 5 6 1 7,1,70,,853,15,0,13 5 6 1 7,1,30,,870,15,0,13 5 6 1 7,1,70,,843,15,0,13 5 6 1 7,1,30,,888,15,0,13 5 6 1 7,1,70,,844,15,0,13 5 6 1 7,1,30,,885,15,0,13 5 6 1 7,1,70,,878,15,0,13 5 6 1 7,1,30,,854,15,0,13 5 6 1 7,1,70,,894,15,0,13 5 6 1 7,1,30,,848,15,0,13 5 6 1 7,1,70,,851,15,0,13 5 6 1 7,1,30,,871,15,0,13 5 6 1 7,1,70,,865,15,0,13 5 6 1 7,1,30,,882,15,0,13 5 6 1 7,1,70,,905,15,0,13 5 6 1 7,1,30,,891,15,0,13 5 6 1 7,1,70,,875,15,0,13 5 6 1 7,1,30,,863,15,0,13 5 6 1 7,1,70,,864,15,0,13 5 6 1 7,1,30,,879,15,0,13 5 6 1 7,1,70,,876,15,0,13 5 6 1 7,1,30,,903,15,0,13 5 6 1 7,1,70,,880,15,0,13 5 6 1 7,1,100,,906,15,0,13 5 6 1 7,1,100,,856,15,0,13 5 6 1 7,1
501,'3',610,,988,1,0,13 5 6 1 7,1,11,,997,15,0,13 5 6 1 7,1,15,,941,15,0,13 5 6 1 7,1,15,,1006,15,0,13 5 6 1 7,1,55,,978,15,0,13 5 6 1 7,1,12,,983,15,0,13 5 6 1 7,1,16,,977,15,0,13 5 6 1 7,1,19,,1004,15,0,13 5 6 1 7,1,55,,975,15,0,13 5 6 1 7,1,13,,933,15,0,13 5 6 1 7,1,15,,1009,15,0,13 5 6 1 7,1,15,,923,15,0,13 5 6 1 7,1,55,,986,15,0,13 5 6 1 7,1,13,,961,15,0,13 5 6 1 7,1,20,,1008,15,0,13 5 6 1 7,1,20,,945,15,0,13 5 6 1 7,1,60,,1002,15,0,13 5 6 1 7,1,20,,974,15,0,13 5 6 1 7,1,20,,952,15,0,13 5 6 1 7,1,57,,951,15,0,13 5 6 1 7,1,23,,950,15,0,13 5 6 1 7,1,17,,980,15,0,13 5 6 1 7,1,63,,953,15,0,13 5 6 1 7,1,16,,996,15,0,13 5 6 1 7,1,20,,930,15,0,13 5 6 1 7,1,64,,994,15,0,13 5 6 1 7,1,20,,962,15,0,13 5 6 1 7,1,20,,944,15,0,13 5 6 1 7,1,60,,948,15,0,13 5 6 1 7,1,15,,993,15,0,13 5 6 1 7,1,20,,1015,15,0,13 5 6 1 7,1,60,,907,15,0,13 5 6 1 7,1,17,,1005,15,0,13 5 6 1 7,1,15,,928,15,0,13 5 6 1 7,1,55,,918,15,0,13 5 6 1 7,1,15,,987,15,0,13 5 6 1 7,1,15,,982,15,0,13 5 6 1 7,1,15,,940,15,0,13 5 6 1 7,1,55,,969,15,0,13 5 6 1 7,1,15,,989,15,0,13 5 6 1 7,1,18,,992,15,0,13 5 6 1 7,1,15,,922,15,0,13 5 6 1 7,1,55,,919,15,0,13 5 6 1 7,1,15,,1007,15,0,13 5 6 1 7,1,15,,1019,15,0,13 5 6 1 7,1,12,,1017,15,0,13 5 6 1 7,1,58,,934,15,0,13 5 6 1 7,1,13,,990,15,0,13 5 6 1 7,1,30,,908,15,0,13 5 6 1 7,1,67,,981,15,0,13 5 6 1 7,1,34,,929,15,0,13 5 6 1 7,1,66,,1001,15,0,13 5 6 1 7,1,30,,913,15,0,13 5 6 1 7,1,70,,955,15,0,13 5 6 1 7,1,30,,938,15,0,13 5 6 1 7,1,67,,1014,15,0,13 5 6 1 7,1,33,,979,15,0,13 11 12,1
