1401,'1_merged_3768024',617,,2871,,,0,98,,2851,,,0,101,,2852,,,0,100,,2870,,,0,100,,2862,,,0,100,,2855,,,0,100,,2856,,,0,100,,2865,,,0,100,,2845,,,0,100,,2868,,,0,100,,2854,,,0,100,,2853,,,0,100,,2840,,,0,100,,2846,,,0,100,,2843,,,0,100,,2867,,,0
1401,'2_merged_3768026',716,,2874,,,0,100,,2887,,,0,100,,2877,,,0,100,,2896,,,0,100,,2893,,,0,100,,2881,,,0,100,,2876,,,0,100,,2873,,,0,100,,2892,,,0,100,,2895,,,0,100,,2894,,,0,100,,2886,,,0,100,,2872,,,0,100,,2879,,,0
1401,'3_merged_3768025',816,,2923,,,0,100,,2910,,,0,100,,2919,,,0,100,,2917,,,0,100,,2905,,,0,100,,2920,,,0,100,,2901,,,0,100,,2922,,,0,100,,2914,,,0,100,,2912,,,0,100,,2911,,,0,100,,2916,,,0
1401,'4',617,,2955,,,0,98,,2935,,,0,101,,2936,,,0,100,,2954,,,0,100,,2946,,,0,100,,2939,,,0,100,,2940,,,0,100,,2949,,,0,100,,2929,,,0,100,,2952,,,0,100,,2938,,,0,100,,2937,,,0,100,,2924,,,0,100,,2930,,,0,100,,2927,,,0,100,,2951,,,0
1401,'5',621,,2956,,,0,33,,2976,,,0,70,,2969,,,0,30,,2967,,,0,70,,2991,,,0,30,,2960,,,0,70,,2962,,,0,94,,2972,,,0,100,,2958,,,0,100,,2970,,,0,100,,2977,,,0,100,,2975,,,0,100,,2981,,,0,110,,2978,,,0,100,,2983,,,0,30,,2971,,,0,70,,2980,,,0,30,,2966,,,0,70,,2987,,,0,90,,2989,,,0
8301,'5',1452,,4406,,,0,0,,4408,0,50,0
1001401,'1_merged_3768024',637,,4700,0,23 21 20,0,104,,4683,0,23 21 20,0,105,,4693,0,23 21 20,0,100,,4702,0,23 21 20,0,100,,4685,0,23 21 20,0,100,,4696,0,23 21 20,0,100,,4691,0,23 21 20,0,100,,4715,0,23 21 20,0,100,,4718,0,23 21 20,0,100,,4694,0,23 21 20,0,100,,4707,0,23 21 20,0,100,,4687,0,23 21 20,0,100,,4706,0,23 21 20,0,100,,4719,0,23 21 20,0,100,,4698,0,23 21 20,0,100,,4717,0,23 21 20,0,100,,4699,0,23 21 20,0,100,,4695,0,23 21 20,0
1001401,'2_merged_3768026',746,,4724,0,23 21 20,0,100,,4745,0,23 21 20,0,100,,4725,0,23 21 20,0,100,,4732,0,23 21 20,0,100,,4741,0,23 21 20,0,100,,4721,0,23 21 20,0,100,,4727,0,23 21 20,0,100,,4754,0,23 21 20,0,100,,4723,0,23 21 20,0,100,,4734,0,23 21 20,0,100,,4752,0,23 21 20,0,100,,4726,0,23 21 20,0,100,,4729,0,23 21 20,0,100,,4753,0,23 21 20,0,100,,4738,0,23 21 20,0,100,,4733,0,23 21 20,0,98,,4746,0,23 21 20,0
1001401,'3_merged_3768025',846,,4773,0,23 21 20,0,100,,4771,0,23 21 20,0,100,,4769,0,23 21 20,0,100,,4755,0,23 21 20,0,100,,4762,0,23 21 20,0,100,,4760,0,23 21 20,0,100,,4779,0,23 21 20,0,100,,4764,0,23 21 20,0,100,,4759,0,23 21 20,0,100,,4766,0,23 21 20,0,100,,4777,0,23 21 20,0,100,,4776,0,23 21 20,0
1001401,'4',637,,4797,0,23 21 20,0,104,,4780,0,23 21 20,0,105,,4790,0,23 21 20,0,100,,4799,0,23 21 20,0,100,,4782,0,23 21 20,0,100,,4793,0,23 21 20,0,100,,4788,0,23 21 20,0,100,,4812,0,23 21 20,0,100,,4815,0,23 21 20,0,100,,4791,0,23 21 20,0,100,,4804,0,23 21 20,0,100,,4784,0,23 21 20,0,100,,4803,0,23 21 20,0,100,,4816,0,23 21 20,0,100,,4795,0,23 21 20,0,100,,4814,0,23 21 20,0,100,,4796,0,23 21 20,0,100,,4792,0,23 21 20,0
1001401,'5',638,,4843,0,23 21 20,0,73,,4850,0,23 21 20,0,30,,4849,0,23 21 20,0,70,,4845,0,23 21 20,0,30,,4841,0,23 21 20,0,68,,4823,0,23 21 20,0,37,,4847,0,23 21 20,0,100,,4834,0,23 21 20,0,100,,4846,0,23 21 20,0,100,,4848,0,23 21 20,0,100,,4826,0,23 21 20,0,100,,4817,0,23 21 20,0,111,,4828,0,23 21 20,0,100,,4830,0,23 21 20,0,85,,4827,0,23 21 20,0,70,,4840,0,23 21 20,0,30,,4819,0,23 21 20,0,70,,4839,0,23 21 20,0,34,,4835,0,23 21 20,0,100,,4863,0,23 21 20,0,100,,4856,0,23 21 20,0,100,,4822,0,23 21 20,0,99,,4855,0,23 21 20,0
