400,'1',841,,440,26,0,44 45 20,1,100,,434,26,0,44 45 20,1,100,,443,26,0,44 45 20,1,100,,439,26,0,44 45 20,1,100,,437,26,0,44 45 20,1,100,,442,26,0,44 45 20,1,100,,433,26,0,44 45 20,1,100,,438,26,0,44 45 20,1,100,,435,26,0,44 45 20,1,100,,444,26,0,44 45 20,1,100,,441,26,0,44 45 20,1,100,,436,26,0,44 45 20,1
400,'2',741,,454,26,0,44 45 20,1,100,,453,26,0,44 45 20,1,100,,451,26,0,44 45 20,1,100,,461,26,0,44 45 20,1,100,,460,26,0,44 45 20,1,100,,456,26,0,44 45 20,1,100,,449,26,0,44 45 20,1,100,,458,26,0,44 45 20,1,100,,457,26,0,44 45 20,1,100,,448,26,0,44 45 20,1,100,,452,26,0,44 45 20,1,100,,450,26,0,44 45 20,1,100,,459,26,0,44 45 20,1,100,,446,26,0,44 45 20,1,100,,455,26,0,44 45 20,1,100,,445,26,0,44 45 20,1
400,'3',643,,477,26,0,44 45 20,1,74,,466,26,0,44 45 20,1,27,,463,26,0,44 45 20,1,59,,465,26,0,44 45 20,1,31,,487,26,0,44 45 20,1,20,,462,26,0,44 45 20,1,64,,475,26,0,44 45 20,1,26,,467,26,0,44 45 20,1,65,,471,26,0,44 45 20,1,44,,493,26,0,44 45 20,1,67,,474,26,0,44 45 20,1,25,,472,26,0,44 45 20,1,81,,482,26,0,44 45 20,1,30,,470,26,0,44 45 20,1,65,,480,26,0,44 45 20,1,81,,479,26,0,44 45 20,1,30,,473,26,0,44 45 20,1,25,,468,26,0,44 45 20,1,86,,476,26,0,44 45 20,1,75,,483,26,0,44 45 20,1,23,,488,26,0,44 45 20,1,73,,484,26,0,44 45 20,1,20,,478,26,0,44 45 20,1,75,,481,26,0,44 45 20,1,21,,464,26,0,44 45 20,1,77,,494,26,0,44 45 20,1,19,,492,26,0,44 45 20,1,25,,485,26,0,44 45 20,1,64,,495,26,0,44 45 20,1,28,,486,26,0,44 45 20,1,103,,489,26,0,44 45 20,1,81,,491,26,0,44 45 20,1,99,,490,26,0,44 45 20,1,75,,469,26,0,44 45 20,1
1001,'3',640,,1149,2,,,1,70,,1151,2,,,1,30,,1145,2,,,1,70,,1148,2,,,1,30,,1155,2,,,1,70,,1153,2,,,1,30,,1154,2,,,1,475,,1156,2,,,1,30,,1157,2,,,1,70,,1146,2,,,1,30,,1158,2,,,1,70,,1147,2,,,1,30,,1152,2,,,1,70,,1150,2,,,1
1400,'1',840,,1372,2,,,1,100,,1378,2,,,1,100,,1365,2,,,1,100,,1376,2,,,1,100,,1377,2,,,1,100,,1368,2,,,1,100,,1371,2,,,1,100,,1373,2,,,1,100,,1379,2,,,1,100,,1381,2,,,1,100,,1367,2,,,1
1400,'2',740,,1386,2,,,1,100,,1384,2,,,1,100,,1405,2,,,1,100,,1390,2,,,1,100,,1397,2,,,1,100,,1394,2,,,1,100,,1406,2,,,1,100,,1382,2,,,1,100,,1402,2,,,1,100,,1388,2,,,1,100,,1385,2,,,1,100,,1393,2,,,1,100,,1387,2,,,1
1400,'3',625,,1413,2,,,1,30,,1431,2,,,1,70,,1422,2,,,1,30,,1436,2,,,1,70,,1430,2,,,1,85,,1433,2,,,1,100,,1439,2,,,1,100,,1423,2,,,1,100,,1437,2,,,1,100,,1441,2,,,1,100,,1421,2,,,1,100,,1444,2,,,1,106,,1428,2,,,1,30,,1426,2,,,1,70,,1411,2,,,1,30,,1424,2,,,1,70,,1443,2,,,1,24,,1442,2,,,1,100,,1432,2,,,1
1500,'1',840,,1548,2,,,1,100,,1544,2,,,1,100,,1541,2,,,1,100,,1543,2,,,1,100,,1538,2,,,1,100,,1546,2,,,1,100,,1542,2,,,1,100,,1549,2,,,1,100,,1545,2,,,1,100,,1539,2,,,1,100,,1547,2,,,1,100,,1540,2,,,1
1500,'2',740,,1556,2,,,1,100,,1554,2,,,1,100,,1558,2,,,1,100,,1561,2,,,1,100,,1551,2,,,1,100,,1555,2,,,1,100,,1560,2,,,1,100,,1557,2,,,1,100,,1562,2,,,1,100,,1559,2,,,1,100,,1552,2,,,1,100,,1553,2,,,1,100,,1550,2,,,1
1500,'3',610,,1564,2,,,1,35,,1566,2,,,1,75,,1563,2,,,1,32,,1579,2,,,1,78,,1581,2,,,1,75,,1570,2,,,1,32,,1583,2,,,1,72,,1584,2,,,1,32,,1580,2,,,1,72,,1576,2,,,1,32,,1573,2,,,1,72,,1565,2,,,1,32,,1574,2,,,1,69,,1571,2,,,1,35,,1587,2,,,1,66,,1586,2,,,1,38,,1575,2,,,1,73,,1569,2,,,1,75,,1572,2,,,1,35,,1568,2,,,1,75,,1567,2,,,1,85,,1582,2,,,1,30,,1578,2,,,1,75,,1577,2,,,1,105,,1585,2,,,1
1801,'1',810,,1702,2,,,1,100,,1698,2,,,1,100,,1695,2,,,1,100,,1696,2,,,1,100,,1697,2,,,1,100,,1703,2,,,1,100,,1701,2,,,1,100,,1705,2,,,1,100,,1706,2,,,1,100,,1699,2,,,1,100,,1704,2,,,1,100,,1700,2,,,1
1801,'2',710,,1719,2,,,1,100,,1712,2,,,1,100,,1715,2,,,1,100,,1717,2,,,1,100,,1707,2,,,1,100,,1714,2,,,1,100,,1709,2,,,1,100,,1710,2,,,1,100,,1711,2,,,1,100,,1713,2,,,1,100,,1708,2,,,1,100,,1716,2,,,1,100,,1718,2,,,1
1801,'3',610,,1731,2,,,1,30,,1736,2,,,1,70,,1740,2,,,1,30,,1742,2,,,1,70,,1743,2,,,1,30,,1747,2,,,1,70,,1735,2,,,1,30,,1738,2,,,1,70,,1737,2,,,1,30,,1745,2,,,1,70,,1724,2,,,1,30,,1729,2,,,1,70,,1730,2,,,1,30,,1739,2,,,1,70,,1725,2,,,1,30,,1726,2,,,1,70,,1720,2,,,1,30,,1733,2,,,1,70,,1746,2,,,1,30,,1721,2,,,1,76,,1741,2,,,1,30,,1722,2,,,1,70,,1728,2,,,1,30,,1727,2,,,1,70,,1744,2,,,1,24,,1723,2,,,1,70,,1732,2,,,1,100,,1734,2,,,1,100,,1748,2,,,1
2801,'1',840,,2049,2,,,1,100,,2046,2,,,1,100,,2058,2,,,1,100,,2053,2,,,1,100,,2054,2,,,1,100,,2050,2,,,1,100,,2055,2,,,1,100,,2047,2,,,1,100,,2048,2,,,1,100,,2056,2,,,1,100,,2057,2,,,1,100,,2051,2,,,1
2801,'2',640,,2064,2,,,1,100,,2067,2,,,1,100,,2069,2,,,1,100,,2072,2,,,1,100,,2068,2,,,1,100,,2065,2,,,1,100,,2062,2,,,1,100,,2059,2,,,1,100,,2061,2,,,1,100,,2063,2,,,1,100,,2070,2,,,1,100,,2066,2,,,1,100,,2060,2,,,1,100,,2071,2,,,1
2801,'3',610,,2100,2,,,1,30,,2079,2,,,1,70,,2102,2,,,1,30,,2090,2,,,1,70,,2075,2,,,1,30,,2088,2,,,1,70,,2087,2,,,1,30,,2084,2,,,1,70,,2098,2,,,1,30,,2085,2,,,1,70,,2077,2,,,1,30,,2099,2,,,1,70,,2076,2,,,1,30,,2089,2,,,1,70,,2073,2,,,1,30,,2092,2,,,1,70,,2081,2,,,1,30,,2080,2,,,1,70,,2095,2,,,1,30,,2086,2,,,1,76,,2074,2,,,1,30,,2093,2,,,1,70,,2101,2,,,1,30,,2078,2,,,1,70,,2096,2,,,1,24,,2083,2,,,1,70,,2094,2,,,1,30,,2097,2,,,1,100,,2091,2,,,1,100,,2082,2,,,1
1001400,'1',810,,2288,2,0,23 24 20,1,100,,2297,2,0,23 24 20,1,100,,2295,2,0,23 24 20,1,100,,2296,2,0,23 24 20,1,100,,2286,2,0,23 24 20,1,100,,2306,2,0,23 24 20,1,100,,2300,2,0,23 24 20,1,100,,2301,2,0,23 24 20,1,100,,2294,2,0,23 24 20,1,100,,2284,2,0,23 24 20,1,100,,2304,2,0,23 24 20,1,100,,2291,2,0,23 24 20,1
1001400,'2',710,,2339,2,0,23 24 20,1,100,,2309,2,0,23 24 20,1,100,,2338,2,0,23 24 20,1,100,,2331,2,0,23 24 20,1,100,,2317,2,0,23 24 20,1,100,,2335,2,0,23 24 20,1,100,,2328,2,0,23 24 20,1,100,,2319,2,0,23 24 20,1,100,,2334,2,0,23 24 20,1,100,,2314,2,0,23 24 20,1,100,,2322,2,0,23 24 20,1,100,,2315,2,0,23 24 20,1,100,,2326,2,0,23 24 20,1,100,,2310,2,0,23 24 20,1,100,,2337,2,0,23 24 20,1,100,,2325,2,0,23 24 20,1,130,,2336,2,0,25 3 26,1
1001400,'3',605,,2366,2,0,23 24 20,1,35,,2342,2,0,23 24 20,1,70,,2375,2,0,23 24 20,1,30,,2363,2,0,23 24 20,1,70,,2380,2,0,23 24 20,1,30,,2350,2,0,23 24 20,1,100,,2364,2,0,23 24 20,1,100,,2341,2,0,23 24 20,1,100,,2344,2,0,23 24 20,1,100,,2361,2,0,23 24 20,1,100,,2384,2,0,23 24 20,1,100,,2351,2,0,23 24 20,1,100,,2345,2,0,23 24 20,1,91,,2356,2,0,23 24 20,1,70,,2372,2,0,23 24 20,1,30,,2369,2,0,23 24 20,1,70,,2357,2,0,23 24 20,1,30,,2370,2,0,23 24 20,1,79,,2377,2,0,23 24 20,1,100,,2367,2,0,23 24 20,1,100,,2348,2,0,23 24 20,1,100,,2362,2,0,23 24 20,1,130,,2349,2,0,25 3 26,1
