1400,'1',636,,3290,12,,,0,70,,3297,12,,,0,30,,1264,12,,,0,70,,3300,12,,,0,30,,738,12,,,0,85,,414,12,,,0,99,,2497,12,,,0,100,,328,12,,,0,100,,3299,12,,,0,100,,3303,12,,,0,100,,702,12,,,0,103,,3306,12,,,0,106,,234,12,,,0,30,,3293,12,,,0,70,,68,12,,,0,30,,3292,12,,,0,70,,3305,12,,,0,24,,3304,12,,,0,97,,3298,12,,,0
1400,'2',749,,3311,12,,,0,100,,3309,12,,,0,100,,3324,12,,,0,100,,2005,12,,,0,100,,646,12,,,0,100,,3317,12,,,0,100,,3325,12,,,0,100,,2307,12,,,0,100,,2331,12,,,0,100,,1889,12,,,0,100,,3310,12,,,0,100,,3315,12,,,0,100,,3312,12,,,0
1400,'3',849,,3341,12,,,0,100,,3331,12,,,0,100,,3332,12,,,0,100,,3328,12,,,0,100,,3336,12,,,0,100,,3327,12,,,0,100,,1547,12,,,0,100,,2399,12,,,0,100,,3335,12,,,0,100,,3330,12,,,0,100,,3334,12,,,0
1401,'1',626,,2375,14,,,0,33,,2223,14,,,0,70,,1069,14,,,0,30,,3345,14,,,0,70,,3350,14,,,0,30,,1127,14,,,0,70,,1694,14,,,0,93,,960,14,,,0,100,,3347,14,,,0,100,,2458,14,,,0,100,,3353,14,,,0,100,,3354,14,,,0,100,,3344,14,,,0,110,,3349,14,,,0,100,,2486,14,,,0,70,,940,14,,,0,30,,3358,14,,,0,70,,1838,14,,,0,30,,404,14,,,0,90,,545,14,,,0
1401,'2',720,,3377,14,,,0,100,,3367,14,,,0,100,,3359,14,,,0,100,,3373,14,,,0,100,,3371,14,,,0,100,,3362,14,,,0,100,,3378,14,,,0,100,,3376,14,,,0,100,,3370,14,,,0,100,,3372,14,,,0,100,,1835,14,,,0,100,,3366,14,,,0,100,,3375,14,,,0,100,,3361,14,,,0
1401,'3',820,,3393,14,,,0,100,,3394,14,,,0,100,,820,14,,,0,100,,3382,14,,,0,100,,3387,14,,,0,100,,3385,14,,,0,100,,3396,14,,,0,100,,585,14,,,0,100,,1366,14,,,0,100,,3379,14,,,0,100,,3388,14,,,0,100,,3383,14,,,0
8301,'1',1455,,3816,11,0,50,0,1,,2240,11,,,0
1001400,'1',616,,1739,12,0,23 24 20,0,35,,1526,12,0,23 24 20,0,70,,254,12,0,23 24 20,0,30,,3849,12,0,23 24 20,0,70,,2231,12,0,23 24 20,0,30,,3841,12,0,23 24 20,0,100,,739,12,0,23 24 20,0,99,,3837,12,0,23 24 20,0,100,,62,12,0,23 24 20,0,100,,1514,12,0,23 24 20,0,100,,1019,12,0,23 24 20,0,100,,3842,12,0,23 24 20,0,103,,1409,12,0,23 24 20,0,91,,710,12,0,23 24 20,0,70,,989,12,0,23 24 20,0,30,,3850,12,0,23 24 20,0,70,,1678,12,0,23 24 20,0,30,,984,12,0,23 24 20,0,76,,3854,12,0,23 24 20,0,100,,415,12,0,23 24 20,0,100,,3839,12,0,23 24 20,0,100,,3848,12,0,23 24 20,0,129,,3840,12,0,25 3 26,0
1001400,'2',719,,3877,12,0,23 24 20,0,100,,3859,12,0,23 24 20,0,100,,524,12,0,23 24 20,0,100,,3871,12,0,23 24 20,0,100,,627,12,0,23 24 20,0,100,,3875,12,0,23 24 20,0,100,,3870,12,0,23 24 20,0,100,,3865,12,0,23 24 20,0,100,,3874,12,0,23 24 20,0,100,,1829,12,0,23 24 20,0,100,,1558,12,0,23 24 20,0,100,,3863,12,0,23 24 20,0,100,,3869,12,0,23 24 20,0,100,,3860,12,0,23 24 20,0,100,,2148,12,0,23 24 20,0,100,,1713,12,0,23 24 20,0,130,,3876,12,0,25 3 26,0
1001400,'3',819,,3888,12,0,23 24 20,0,100,,1756,12,0,23 24 20,0,100,,3884,12,0,23 24 20,0,100,,805,12,0,23 24 20,0,100,,3893,12,0,23 24 20,0,100,,3881,12,0,23 24 20,0,100,,3883,12,0,23 24 20,0,100,,3891,12,0,23 24 20,0,100,,3882,12,0,23 24 20,0,100,,3887,12,0,23 24 20,0,100,,3886,12,0,23 24 20,0,100,,3894,12,0,23 24 20,0
1001401,'1',643,,3920,14,0,23 21 20,0,73,,1189,14,0,23 21 20,0,30,,1586,14,0,23 21 20,0,70,,3912,14,0,23 21 20,0,30,,2461,14,0,23 21 20,0,68,,3900,14,0,23 21 20,0,36,,721,14,0,23 21 20,0,100,,681,14,0,23 21 20,0,100,,3908,14,0,23 21 20,0,100,,2267,14,0,23 21 20,0,100,,3902,14,0,23 21 20,0,100,,3899,14,0,23 21 20,0,151,,3919,14,0,23 21 20,0,100,,1801,14,0,23 21 20,0,45,,462,14,0,23 21 20,0,70,,476,14,0,23 21 20,0,30,,1925,14,0,23 21 20,0,70,,469,14,0,23 21 20,0,34,,3901,14,0,23 21 20,0,100,,3913,14,0,23 21 20,0,100,,3914,14,0,23 21 20,0,100,,3918,14,0,23 21 20,0,99,,3905,14,0,23 21 20,0
1001401,'2',750,,1774,14,0,23 21 20,0,100,,3936,14,0,23 21 20,0,100,,3946,14,0,23 21 20,0,100,,3925,14,0,23 21 20,0,100,,3934,14,0,23 21 20,0,100,,3944,14,0,23 21 20,0,100,,3922,14,0,23 21 20,0,100,,3942,14,0,23 21 20,0,100,,3945,14,0,23 21 20,0,100,,3927,14,0,23 21 20,0,100,,2144,14,0,23 21 20,0,100,,3921,14,0,23 21 20,0,100,,3923,14,0,23 21 20,0,100,,2437,14,0,23 21 20,0,100,,3931,14,0,23 21 20,0,100,,3926,14,0,23 21 20,0,97,,3937,14,0,23 21 20,0
1001401,'3',850,,3959,14,0,23 21 20,0,100,,792,14,0,23 21 20,0,100,,3947,14,0,23 21 20,0,100,,3961,14,0,23 21 20,0,100,,3956,14,0,23 21 20,0,100,,599,14,0,23 21 20,0,100,,3949,14,0,23 21 20,0,100,,3951,14,0,23 21 20,0,100,,3952,14,0,23 21 20,0,100,,3948,14,0,23 21 20,0,100,,2056,14,0,23 21 20,0,100,,3958,14,0,23 21 20,0
