1001,'1_merged_3768024',644,,2284,,,0,70,,2283,,,0,30,,2288,,,0,70,,2294,,,0,30,,2291,,,0,70,,2285,,,0,30,,2295,,,0,475,,2296,,,0,30,,2289,,,0,70,,2286,,,0,30,,2287,,,0,70,,2290,,,0,30,,2292,,,0,70,,2293,,,0
1001,'4',644,,2298,,,0,70,,2297,,,0,30,,2302,,,0,70,,2308,,,0,30,,2305,,,0,70,,2299,,,0,30,,2309,,,0,475,,2310,,,0,30,,2303,,,0,70,,2300,,,0,30,,2301,,,0,70,,2304,,,0,30,,2306,,,0,70,,2307,,,0
1001,'5',644,,2314,,,0,70,,2311,,,0,30,,2323,,,0,70,,2318,,,0,30,,2320,,,0,70,,2324,,,0,30,,2312,,,0,475,,2316,,,0,30,,2317,,,0,70,,2319,,,0,30,,2313,,,0,70,,2322,,,0,30,,2321,,,0,70,,2315,,,0
1500,'1_merged_3768024',644,,3001,,,0,80,,2996,,,0,110,,3005,,,0,110,,2998,,,0,100,,3007,,,0,100,,3006,,,0,100,,3008,,,0,100,,3009,,,0,100,,3004,,,0,100,,3002,,,0,106,,3000,,,0,153,,2997,,,0,111,,2999,,,0,100,,3003,,,0
1500,'2_merged_3768026',744,,3017,,,0,100,,3015,,,0,100,,3019,,,0,100,,3022,,,0,100,,3012,,,0,100,,3016,,,0,100,,3021,,,0,100,,3018,,,0,100,,3010,,,0,100,,3020,,,0,100,,3013,,,0,100,,3014,,,0,100,,3011,,,0
1500,'3_merged_3768025',844,,3023,,,0,100,,3031,,,0,100,,3028,,,0,100,,3030,,,0,100,,3025,,,0,100,,3033,,,0,100,,3029,,,0,100,,3024,,,0,100,,3032,,,0,100,,3026,,,0,100,,3034,,,0,100,,3027,,,0
1500,'4',644,,3040,,,0,80,,3035,,,0,110,,3044,,,0,110,,3037,,,0,100,,3046,,,0,100,,3045,,,0,100,,3047,,,0,100,,3048,,,0,100,,3043,,,0,100,,3041,,,0,106,,3039,,,0,153,,3036,,,0,111,,3038,,,0,100,,3042,,,0
1500,'5',614,,3074,,,0,30,,3066,,,0,80,,3070,,,0,30,,3069,,,0,80,,3050,,,0,70,,3068,,,0,40,,3055,,,0,70,,3073,,,0,30,,3051,,,0,70,,3065,,,0,30,,3052,,,0,70,,3056,,,0,30,,3058,,,0,70,,3063,,,0,30,,3067,,,0,70,,3049,,,0,30,,3071,,,0,70,,3061,,,0,30,,3064,,,0,76,,3053,,,0,30,,3057,,,0,83,,3059,,,0,70,,3062,,,0,36,,3060,,,0,75,,3054,,,0,100,,3072,,,0
1801,'1_merged_3768024',614,,3288,,,0,30,,3301,,,0,70,,3276,,,0,30,,3290,,,0,70,,3274,,,0,30,,3280,,,0,70,,3296,,,0,30,,3277,,,0,70,,3298,,,0,30,,3278,,,0,70,,3282,,,0,30,,3285,,,0,70,,3279,,,0,30,,3291,,,0,70,,3273,,,0,30,,3286,,,0,70,,3283,,,0,30,,3294,,,0,70,,3281,,,0,30,,3287,,,0,76,,3293,,,0,30,,3295,,,0,70,,3297,,,0,30,,3299,,,0,70,,3275,,,0,24,,3300,,,0,70,,3292,,,0,100,,3284,,,0,100,,3289,,,0
1801,'2_merged_3768026',714,,3303,,,0,100,,3309,,,0,100,,3312,,,0,100,,3314,,,0,100,,3304,,,0,100,,3311,,,0,100,,3306,,,0,100,,3307,,,0,100,,3308,,,0,100,,3310,,,0,100,,3305,,,0,100,,3313,,,0,100,,3302,,,0
1801,'3_merged_3768025',814,,3315,,,0,100,,3323,,,0,100,,3320,,,0,100,,3321,,,0,100,,3322,,,0,100,,3316,,,0,100,,3326,,,0,100,,3318,,,0,100,,3319,,,0,100,,3324,,,0,100,,3317,,,0,100,,3325,,,0
1801,'4',614,,3342,,,0,30,,3355,,,0,70,,3330,,,0,30,,3344,,,0,70,,3328,,,0,30,,3334,,,0,70,,3350,,,0,30,,3331,,,0,70,,3352,,,0,30,,3332,,,0,70,,3336,,,0,30,,3339,,,0,70,,3333,,,0,30,,3345,,,0,70,,3327,,,0,30,,3340,,,0,70,,3337,,,0,30,,3348,,,0,70,,3335,,,0,30,,3341,,,0,76,,3347,,,0,30,,3349,,,0,70,,3351,,,0,30,,3353,,,0,70,,3329,,,0,24,,3354,,,0,70,,3346,,,0,100,,3338,,,0,100,,3343,,,0
1801,'5',614,,3361,,,0,30,,3381,,,0,70,,3374,,,0,30,,3382,,,0,70,,3373,,,0,30,,3359,,,0,70,,3357,,,0,30,,3362,,,0,70,,3375,,,0,30,,3363,,,0,70,,3372,,,0,30,,3378,,,0,70,,3365,,,0,30,,3369,,,0,70,,3368,,,0,30,,3364,,,0,70,,3377,,,0,30,,3379,,,0,70,,3376,,,0,30,,3367,,,0,76,,3380,,,0,30,,3360,,,0,70,,3356,,,0,30,,3370,,,0,70,,3358,,,0,24,,3366,,,0,70,,3383,,,0,100,,3371,,,0,100,,3384,,,0
