100,2129,1,0
100,2110,2,0
100,2108,3,0
100,2213,4,0
100,3233,5,0
100,3223,6,0
100,3244,7,0
100,2420,8,0
100,3170,9,0
100,3151,10,0
100,3156,11,0
100,3224,12,0
100,3153,13,0
100,3236,14,0
100,3245,15,0
100,3147,16,0
100,3146,17,0
100,3142,18,0
100,3172,19,1
101,3172,1,0
101,3169,2,0
101,3143,3,0
101,3003,4,0
101,3148,5,0
101,3236,6,0
101,3152,7,0
101,3140,8,0
101,3155,9,0
101,3150,10,0
101,3157,11,0
101,3247,12,0
101,3226,13,0
101,3233,14,0
101,2109,15,0
101,2111,16,0
101,2129,17,1
300,2245,1,0
300,2250,2,0
300,2261,3,0
300,2273,4,0
300,2319,5,0
300,2509,6,0
300,2430,7,0
300,2428,8,0
300,2426,9,0
300,2424,10,0
300,3130,11,0
300,2352,12,0
300,2593,13,0
300,2591,14,0
300,2590,15,0
300,2256,16,0
300,3231,17,0
300,3237,18,0
300,2421,19,0
300,3238,20,0
300,2259,21,0
300,2682,22,0
300,2422,23,0
300,2628,24,0
300,2302,25,0
300,2627,26,0
300,2346,27,0
300,2383,28,0
300,2384,29,0
300,2387,30,0
300,2388,31,0
300,2417,32,0
300,2972,33,0
300,2339,34,0
300,2340,35,0
300,2341,36,0
300,2343,37,0
300,2345,38,0
300,2623,39,0
300,3159,40,0
300,3160,41,0
300,3162,42,0
300,3265,43,0
300,3113,44,1
301,3113,1,0
301,2868,2,0
301,3116,3,0
301,2349,4,0
301,2350,5,0
301,2683,6,0
301,3237,7,0
301,2421,8,0
301,3238,9,0
301,2257,10,0
301,2589,11,0
301,2251,12,0
301,3025,13,0
301,3047,14,0
301,2423,15,0
301,2425,16,0
301,2427,17,0
301,2429,18,0
301,2431,19,0
301,2356,20,0
301,2507,21,0
301,2432,22,0
301,2149,23,0
301,2245,24,1
400,2318,1,0
400,3279,2,0
400,3278,3,0
400,3277,4,0
400,3273,5,0
400,3272,6,0
400,3133,7,0
400,2797,8,0
400,2796,9,0
400,2166,10,0
400,2794,11,0
400,2488,12,0
400,2313,13,0
400,3418,14,0
400,2489,15,0
400,3061,16,0
400,3062,17,0
400,3064,18,0
400,3417,19,0
400,3066,20,0
400,3421,21,0
400,3068,22,0
400,3070,23,0
400,3072,24,0
400,3172,25,0
400,3333,26,0
400,3055,27,0
400,2985,28,0
400,2980,29,0
400,2289,30,0
400,2720,31,0
400,2698,32,0
400,2696,33,0
400,2694,34,0
400,2693,35,0
400,2692,36,0
400,2690,37,0
400,2688,38,0
400,2687,39,0
400,2685,40,0
400,3073,41,0
400,3237,42,0
400,2421,43,1
401,2421,1,0
401,3238,2,0
401,2259,3,0
401,3074,4,0
401,2684,5,0
401,2686,6,0
401,2689,7,0
401,3123,8,0
401,2691,9,0
401,2093,10,0
401,3058,11,0
401,2695,12,0
401,2697,13,0
401,2699,14,0
401,2719,15,0
401,2701,16,0
401,2558,17,0
401,2981,18,0
401,2559,19,0
401,3053,20,0
401,2564,21,0
401,3172,22,0
401,3002,23,0
401,3071,24,0
401,3069,25,0
401,3420,26,0
401,3067,27,0
401,3416,28,0
401,3065,29,0
401,3063,30,0
401,2496,31,0
401,2491,32,0
401,3060,33,0
401,3419,34,0
401,2312,35,0
401,2834,36,0
401,2290,37,0
401,3349,38,0
401,2450,39,0
401,3270,40,0
401,3274,41,0
401,3276,42,0
401,3275,43,0
401,3280,44,0
401,2318,45,1
500,3453,1,0
500,3282,2,0
500,2584,3,0
500,2585,4,0
500,2314,5,0
500,2452,6,0
500,2212,7,0
500,2085,8,0
500,3424,9,0
500,3426,10,0
500,3428,11,0
500,3430,12,0
500,2213,13,0
500,3233,14,0
500,2969,15,0
500,2092,16,0
500,3038,17,0
500,2208,18,0
500,3423,19,0
500,3036,20,0
500,2218,21,0
500,2153,22,0
500,3435,23,0
500,3033,24,0
500,2149,25,0
500,2245,26,0
500,2434,27,0
500,3031,28,0
500,2147,29,0
500,3030,30,0
500,3010,31,0
500,2192,32,0
500,2194,33,0
500,2196,34,0
500,2198,35,0
500,2200,36,0
500,2202,37,0
500,2204,38,0
500,2206,39,1
501,2206,1,0
501,2205,2,0
501,2203,3,0
501,2201,4,0
501,2199,5,0
501,2197,6,0
501,2195,7,0
501,2193,8,0
501,3329,9,0
501,2103,10,0
501,2148,11,0
501,3032,12,0
501,2149,13,0
501,2245,14,0
501,2435,15,0
501,3034,16,0
501,3035,17,0
501,2152,18,0
501,2217,19,0
501,3037,20,0
501,3422,21,0
501,2207,22,0
501,3039,23,0
501,2091,24,0
501,2968,25,0
501,3233,26,0
501,2969,27,0
501,2634,28,0
501,3431,29,0
501,3427,30,0
501,3425,31,0
501,3429,32,0
501,2086,33,0
501,2211,34,0
501,2988,35,0
501,3173,36,0
501,3174,37,0
501,3450,38,0
501,3451,39,0
501,3452,40,0
501,3453,41,1
600,3453,1,0
600,3282,2,0
600,2584,3,0
600,2585,4,0
600,2161,5,0
600,3217,6,0
600,3219,7,0
600,3177,8,0
600,2163,9,0
600,2993,10,0
600,2449,11,0
600,2315,12,0
600,2587,13,0
600,2271,14,0
600,2840,15,0
600,2837,16,0
600,2781,17,0
600,2835,18,0
600,3158,19,0
600,2112,20,0
600,2439,21,0
600,2856,22,0
600,3153,23,0
600,3236,24,0
600,3152,25,0
600,2154,26,0
600,2853,27,0
600,2866,28,0
600,2959,29,0
600,2231,30,0
600,2957,31,0
600,2503,32,0
600,2438,33,0
600,2232,34,0
600,2639,35,0
600,2640,36,0
600,3334,37,0
600,3085,38,0
600,3083,39,0
600,2516,40,0
600,2151,41,0
600,2518,42,0
600,3269,43,0
600,2084,44,0
600,3343,45,0
600,2260,46,0
600,2864,47,0
600,2717,48,0
600,3078,49,0
600,3076,50,0
600,2421,51,1
601,2421,1,0
601,3075,2,0
601,3077,3,0
601,3079,4,0
601,3080,5,0
601,3309,6,0
601,3310,7,0
601,2083,8,0
601,3271,9,0
601,2517,10,0
601,2150,11,0
601,2515,12,0
601,2358,13,0
601,3086,14,0
601,3335,15,0
601,2641,16,0
601,2642,17,0
601,2264,18,0
601,2437,19,0
601,2504,20,0
601,2956,21,0
601,2984,22,0
601,2982,23,0
601,2881,24,0
601,2852,25,0
601,3224,26,0
601,3153,27,0
601,3236,28,0
601,3152,29,0
601,2854,30,0
601,2440,31,0
601,2113,32,0
601,2447,33,0
601,2448,34,0
601,2838,35,0
601,2839,36,0
601,2270,37,0
601,3362,38,0
601,2636,39,0
601,2992,40,0
601,2164,41,0
601,3220,42,0
601,3218,43,0
601,2989,44,0
601,2973,45,0
601,3173,46,0
601,3174,47,0
601,3450,48,0
601,3451,49,0
601,3452,50,0
601,3453,51,1
1000,2421,1,0
1000,3238,2,0
1000,3108,3,0
1000,2978,4,0
1000,3105,5,0
1000,2979,6,0
1000,3103,7,0
1000,2209,8,0
1000,3075,9,0
1000,3077,10,0
1000,3079,11,0
1000,3351,12,0
1000,3352,13,0
1000,3355,14,0
1000,3356,15,0
1000,3359,16,0
1000,2215,17,0
1000,3361,18,0
1000,2258,19,0
1000,3320,20,0
1000,3318,21,0
1000,3316,22,0
1000,3305,23,0
1000,3304,24,0
1000,3303,25,0
1000,3378,26,0
1000,2711,27,0
1000,3134,28,0
1000,2706,29,0
1000,3052,30,0
1000,3122,31,0
1000,2563,32,0
1000,2560,33,0
1000,2986,34,0
1000,2559,35,0
1000,3053,36,0
1000,2564,37,0
1000,3172,38,1
1001,3172,1,0
1001,3333,2,0
1001,3055,3,0
1001,2985,4,0
1001,2987,5,0
1001,2561,6,0
1001,2562,7,0
1001,3121,8,0
1001,2705,9,0
1001,2707,10,0
1001,2708,11,0
1001,2710,12,0
1001,3312,13,0
1001,3313,14,0
1001,3314,15,0
1001,3315,16,0
1001,3317,17,0
1001,3319,18,0
1001,3321,19,0
1001,2259,20,0
1001,3360,21,0
1001,2216,22,0
1001,3358,23,0
1001,3357,24,0
1001,3354,25,0
1001,3353,26,0
1001,3350,27,0
1001,2622,28,0
1001,2717,29,0
1001,3078,30,0
1001,3076,31,0
1001,2976,32,0
1001,2977,33,0
1001,3106,34,0
1001,3104,35,0
1001,3107,36,0
1001,3231,37,0
1001,3237,38,0
1001,2421,39,1
1100,2318,1,0
1100,3279,2,0
1100,3278,3,0
1100,3277,4,0
1100,3273,5,0
1100,3272,6,0
1100,3133,7,0
1100,2997,8,0
1100,2488,9,0
1100,3089,10,0
1100,3091,11,0
1100,3094,12,0
1100,2919,13,0
1100,2920,14,0
1100,2922,15,0
1100,2924,16,0
1100,2925,17,0
1100,2928,18,0
1100,2929,19,0
1100,2931,20,0
1100,2933,21,0
1100,2935,22,0
1100,2303,23,0
1100,2310,24,0
1100,2608,25,0
1100,2605,26,0
1100,2492,27,0
1100,2487,28,0
1100,2602,29,0
1100,2309,30,0
1100,2597,31,0
1100,2598,32,0
1100,2600,33,0
1100,2566,34,0
1100,2513,35,0
1100,2512,36,0
1100,3172,37,1
1101,3172,1,0
1101,3002,2,0
1101,2565,3,0
1101,2567,4,0
1101,2601,5,0
1101,2599,6,0
1101,2596,7,0
1101,2595,8,0
1101,2478,9,0
1101,2603,10,0
1101,2604,11,0
1101,2606,12,0
1101,2607,13,0
1101,2611,14,0
1101,2786,15,0
1101,2311,16,0
1101,2782,17,0
1101,2934,18,0
1101,2932,19,0
1101,2829,20,0
1101,2930,21,0
1101,2927,22,0
1101,2926,23,0
1101,2923,24,0
1101,2921,25,0
1101,2918,26,0
1101,3093,27,0
1101,3092,28,0
1101,3090,29,0
1101,2834,30,0
1101,2998,31,0
1101,3246,32,0
1101,3270,33,0
1101,3274,34,0
1101,3276,35,0
1101,3275,36,0
1101,3280,37,0
1101,2318,38,1
1200,2318,1,0
1200,3279,2,0
1200,3278,3,0
1200,3277,4,0
1200,3273,5,0
1200,3272,6,0
1200,3133,7,0
1200,2797,8,0
1200,2796,9,0
1200,2166,10,0
1200,2800,11,0
1200,2802,12,0
1200,2165,13,0
1200,3262,14,0
1200,3379,15,0
1200,3190,16,0
1200,3258,17,0
1200,3248,18,0
1200,3208,19,0
1200,3059,20,0
1200,2281,21,0
1200,3342,22,0
1200,2282,23,0
1200,3197,24,0
1200,2283,25,0
1200,2284,26,0
1200,2993,27,0
1200,2449,28,0
1200,2315,29,0
1200,2454,30,0
1200,2274,31,0
1200,2275,32,0
1200,2276,33,0
1200,2277,34,0
1200,2278,35,0
1200,2973,36,0
1200,3173,37,0
1200,3174,38,1
1201,3174,1,0
1201,3175,2,0
1201,2279,3,0
1201,2280,4,0
1201,2702,5,0
1201,3209,6,0
1201,3241,7,0
1201,3250,8,0
1201,3257,9,0
1201,2635,10,0
1201,3191,11,0
1201,3259,12,0
1201,3261,13,0
1201,2167,14,0
1201,2803,15,0
1201,2865,16,0
1201,2801,17,0
1201,2795,18,0
1201,3349,19,0
1201,2450,20,0
1201,3270,21,0
1201,3274,22,0
1201,3276,23,0
1201,3275,24,0
1201,3280,25,0
1201,2318,26,1
1300,2421,1,0
1300,3075,2,0
1300,3077,3,0
1300,3079,4,0
1300,3080,5,0
1300,3309,6,0
1300,3310,7,0
1300,2083,8,0
1300,3271,9,0
1300,2249,10,0
1300,3006,11,0
1300,3005,12,0
1300,2443,13,0
1300,3434,14,0
1300,2444,15,0
1300,3213,16,0
1300,2497,17,0
1300,2227,18,0
1300,2226,19,0
1300,2224,20,0
1300,2637,21,0
1300,2222,22,0
1300,2221,23,0
1300,2220,24,0
1300,2500,25,0
1300,2504,26,0
1300,2956,27,0
1300,2955,28,0
1300,2954,29,0
1300,2953,30,0
1300,2952,31,0
1300,3306,32,0
1300,2951,33,0
1300,2950,34,0
1300,2949,35,0
1300,2234,36,0
1300,2945,37,0
1300,2943,38,0
1300,2941,39,0
1300,2612,40,0
1300,3172,41,1
1301,3172,1,0
1301,3169,2,0
1301,2613,3,0
1301,2941,4,0
1301,2942,5,0
1301,2944,6,0
1301,2946,7,0
1301,2948,8,0
1301,2947,9,0
1301,2353,10,0
1301,3322,11,0
1301,3102,12,0
1301,3101,13,0
1301,3100,14,0
1301,3054,15,0
1301,2503,16,0
1301,2438,17,0
1301,3050,18,0
1301,2219,19,0
1301,2501,20,0
1301,2502,21,0
1301,2638,22,0
1301,2223,23,0
1301,2225,24,0
1301,2228,25,0
1301,3131,26,0
1301,2316,27,0
1301,2354,28,0
1301,3433,29,0
1301,2442,30,0
1301,3004,31,0
1301,3082,32,0
1301,3081,33,0
1301,3269,34,0
1301,2084,35,0
1301,3343,36,0
1301,2260,37,0
1301,2864,38,0
1301,2717,39,0
1301,3078,40,0
1301,3076,41,0
1301,2421,42,1
1400,3172,1,0
1400,3333,2,0
1400,3055,3,0
1400,2985,4,0
1400,2633,5,0
1400,2453,6,0
1400,3243,7,0
1400,2549,8,0
1400,2542,9,0
1400,2630,10,0
1400,3118,11,0
1400,2545,12,0
1400,2574,13,0
1400,2571,14,0
1400,2101,15,0
1400,2573,16,0
1400,2544,17,0
1400,2541,18,0
1400,2538,19,0
1400,2671,20,0
1400,2669,21,0
1400,2667,22,0
1400,2665,23,0
1400,2663,24,0
1400,2661,25,0
1400,2659,26,0
1400,2657,27,0
1400,2653,28,0
1400,2651,29,0
1400,3113,30,0
1400,3161,31,0
1400,3193,32,0
1400,2625,33,0
1400,2624,34,0
1400,2344,35,0
1400,2342,36,0
1400,2458,37,0
1400,2457,38,0
1400,2338,39,0
1400,2337,40,0
1400,3138,41,0
1400,2334,42,0
1400,2333,43,0
1400,2331,44,0
1400,2329,45,0
1400,2288,46,0
1400,2327,47,0
1400,2263,48,0
1400,2254,49,0
1400,2495,50,0
1400,2862,51,0
1400,3048,52,0
1400,2493,53,0
1400,2323,54,0
1400,3376,55,0
1400,2169,56,0
1400,2324,57,0
1400,2171,58,0
1400,2173,59,0
1400,2175,60,0
1400,2177,61,0
1400,2179,62,0
1400,2181,63,0
1400,2183,64,0
1400,2185,65,0
1400,2187,66,0
1400,2189,67,1
1401,2189,1,0
1401,2188,2,0
1401,2186,3,0
1401,2184,4,0
1401,2180,5,0
1401,2178,6,0
1401,2176,7,0
1401,2174,8,0
1401,2172,9,0
1401,2170,10,0
1401,2168,11,0
1401,2325,12,0
1401,2214,13,0
1401,2304,14,0
1401,3364,15,0
1401,3365,16,0
1401,3366,17,0
1401,3367,18,0
1401,3368,19,0
1401,3369,20,0
1401,3370,21,0
1401,3127,22,0
1401,2326,23,0
1401,2328,24,0
1401,2330,25,0
1401,2332,26,0
1401,2335,27,0
1401,2336,28,0
1401,2339,29,0
1401,2340,30,0
1401,2341,31,0
1401,2343,32,0
1401,2345,33,0
1401,2623,34,0
1401,3159,35,0
1401,3160,36,0
1401,3162,37,0
1401,3265,38,0
1401,3113,39,0
1401,2652,40,0
1401,2654,41,0
1401,2656,42,0
1401,2658,43,0
1401,2660,44,0
1401,2662,45,0
1401,2664,46,0
1401,2666,47,0
1401,2668,48,0
1401,2670,49,0
1401,2539,50,0
1401,2540,51,0
1401,2545,52,0
1401,2574,53,0
1401,3119,54,0
1401,2101,55,0
1401,2573,56,0
1401,2547,57,0
1401,2546,58,0
1401,2543,59,0
1401,2548,60,0
1401,2550,61,0
1401,2552,62,0
1401,2632,63,0
1401,3344,64,0
1401,2559,65,0
1401,3053,66,0
1401,2564,67,0
1401,3172,68,1
1500,3172,1,0
1500,3333,2,0
1500,3055,3,0
1500,2985,4,0
1500,2987,5,0
1500,2557,6,0
1500,2554,7,0
1500,2553,8,0
1500,2551,9,0
1500,2536,10,0
1500,2534,11,0
1500,2673,12,0
1500,2675,13,0
1500,2676,14,0
1500,2678,15,0
1500,2286,16,0
1500,3125,17,0
1500,2649,18,0
1500,2648,19,0
1500,3126,20,0
1500,2646,21,0
1500,2714,22,0
1500,2715,23,0
1500,2644,24,0
1500,2351,25,0
1500,2629,26,0
1500,2620,27,0
1500,2581,28,0
1500,2994,29,0
1500,3385,30,0
1500,2995,31,0
1500,2996,32,0
1500,2407,33,0
1500,2391,34,0
1500,2389,35,0
1500,2577,36,0
1500,2386,37,0
1500,2385,38,0
1500,2382,39,0
1500,2381,40,0
1500,2626,41,0
1500,2869,42,0
1500,3113,43,1
1501,3113,1,0
1501,2868,2,0
1501,2627,3,0
1501,2346,4,0
1501,2383,5,0
1501,2384,6,0
1501,2387,7,0
1501,2388,8,0
1501,2579,9,0
1501,2392,10,0
1501,2578,11,0
1501,2617,12,0
1501,2618,13,0
1501,2580,14,0
1501,2619,15,0
1501,2582,16,0
1501,3114,17,0
1501,2645,18,0
1501,2712,19,0
1501,2716,20,0
1501,2647,21,0
1501,2703,22,0
1501,3124,23,0
1501,2650,24,0
1501,2681,25,0
1501,2680,26,0
1501,2679,27,0
1501,2677,28,0
1501,2674,29,0
1501,2672,30,0
1501,2535,31,0
1501,2537,32,0
1501,2631,33,0
1501,2555,34,0
1501,2556,35,0
1501,3120,36,0
1501,2559,37,0
1501,3053,38,0
1501,2564,39,0
1501,3172,40,1
1800,2421,1,0
1800,3238,2,0
1800,2257,3,0
1800,2589,4,0
1800,3011,5,0
1800,2723,6,0
1800,2726,7,0
1800,2729,8,0
1800,2230,9,0
1800,2730,10,0
1800,2733,11,0
1800,2734,12,0
1800,2737,13,0
1800,2739,14,0
1800,2743,15,0
1800,3164,16,0
1800,3386,17,0
1800,3139,18,0
1800,2747,19,0
1800,2748,20,0
1800,3230,21,0
1800,2560,22,0
1800,2986,23,0
1800,2559,24,0
1800,3053,25,0
1800,2564,26,0
1800,3172,27,1
1801,3172,1,0
1801,3333,2,0
1801,3055,3,0
1801,2985,4,0
1801,2987,5,0
1801,2561,6,0
1801,3229,7,0
1801,3228,8,0
1801,2746,9,0
1801,2745,10,0
1801,3204,11,0
1801,3163,12,0
1801,2744,13,0
1801,2742,14,0
1801,2740,15,0
1801,2738,16,0
1801,2736,17,0
1801,2735,18,0
1801,2732,19,0
1801,2731,20,0
1801,3012,21,0
1801,2728,22,0
1801,2727,23,0
1801,2725,24,0
1801,2724,25,0
1801,2722,26,0
1801,2721,27,0
1801,2256,28,0
1801,3231,29,0
1801,3237,30,0
1801,2421,31,1
1900,3172,1,0
1900,3169,2,0
1900,3143,3,0
1900,2754,4,0
1900,2753,5,0
1900,2751,6,0
1900,2965,7,0
1900,2964,8,0
1900,2961,9,0
1900,2510,10,0
1900,2511,11,0
1900,2233,12,0
1900,2880,13,0
1900,2877,14,0
1900,2875,15,0
1900,2907,16,0
1900,2896,17,0
1900,2899,18,0
1900,2241,19,0
1900,2904,20,0
1900,2287,21,0
1900,2533,22,0
1900,2905,23,0
1900,2527,24,0
1900,2242,25,0
1900,2521,26,0
1900,2522,27,0
1900,2523,28,0
1900,2525,29,0
1900,2894,30,0
1900,2892,31,0
1900,2890,32,0
1900,2888,33,0
1900,3337,34,0
1900,2886,35,0
1900,2884,36,0
1900,2826,37,0
1900,2237,38,0
1900,2317,39,0
1900,3150,40,0
1900,3157,41,0
1900,3247,42,0
1900,3226,43,0
1900,3233,44,1
1901,3233,1,0
1901,3223,2,0
1901,3244,3,0
1901,2420,4,0
1901,3170,5,0
1901,2870,6,0
1901,2238,7,0
1901,2827,8,0
1901,2883,9,0
1901,2885,10,0
1901,3336,11,0
1901,2887,12,0
1901,2889,13,0
1901,2891,14,0
1901,2893,15,0
1901,2526,16,0
1901,2524,17,0
1901,2520,18,0
1901,2528,19,0
1901,2243,20,0
1901,2530,21,0
1901,2532,22,0
1901,3345,23,0
1901,2244,24,0
1901,2900,25,0
1901,2898,26,0
1901,2895,27,0
1901,2906,28,0
1901,2876,29,0
1901,2878,30,0
1901,2879,31,0
1901,2958,32,0
1901,2983,33,0
1901,2960,34,0
1901,2962,35,0
1901,2963,36,0
1901,2136,37,0
1901,2966,38,0
1901,2750,39,0
1901,2752,40,0
1901,3146,41,0
1901,3142,42,0
1901,3172,43,1
2000,3172,1,0
2000,3169,2,0
2000,2614,3,0
2000,2937,4,0
2000,2939,5,0
2000,2940,6,0
2000,2292,7,0
2000,3437,8,0
2000,2293,9,0
2000,2295,10,0
2000,2514,11,0
2000,2836,12,0
2000,2843,13,0
2000,3332,14,0
2000,2842,15,0
2000,2455,16,0
2000,2841,17,0
2000,2104,18,0
2000,3043,19,0
2000,3040,20,0
2000,2297,21,0
2000,2718,22,0
2000,2298,23,0
2000,3111,24,0
2000,2882,25,0
2000,3247,26,0
2000,3226,27,0
2000,3233,28,1
2001,3233,1,0
2001,3223,2,0
2001,3244,3,0
2001,2583,4,0
2001,2210,5,0
2001,2300,6,0
2001,2634,7,0
2001,2291,8,0
2001,2586,9,0
2001,2299,10,0
2001,2967,11,0
2001,2700,12,0
2001,3041,13,0
2001,3042,14,0
2001,3044,15,0
2001,3045,16,0
2001,3046,17,0
2001,2247,18,0
2001,2248,19,0
2001,2246,20,0
2001,2296,21,0
2001,2294,22,0
2001,3438,23,0
2001,2266,24,0
2001,2938,25,0
2001,2616,26,0
2001,2615,27,0
2001,3137,28,0
2001,3172,29,1
2600,2777,1,0
2600,2776,2,0
2600,2775,3,0
2600,2774,4,0
2600,2773,5,0
2600,2772,6,0
2600,2771,7,0
2600,2770,8,0
2600,2766,9,0
2600,2938,10,0
2600,2616,11,0
2600,2615,12,0
2600,3137,13,0
2600,3172,14,1
2601,3172,1,0
2601,3169,2,0
2601,2614,3,0
2601,2937,4,0
2601,2939,5,0
2601,2940,6,0
2601,2764,7,0
2601,2765,8,0
2601,2767,9,0
2601,2768,10,0
2601,2769,11,0
2601,2267,12,0
2601,2780,13,0
2601,2779,14,0
2601,2778,15,0
2601,2777,16,1
2800,2421,1,0
2800,3238,2,0
2800,2257,3,0
2800,2589,4,0
2800,2251,5,0
2800,3025,6,0
2800,3026,7,0
2800,2405,8,0
2800,2404,9,0
2800,2403,10,0
2800,2828,11,0
2800,2402,12,0
2800,2401,13,0
2800,2400,14,0
2800,2494,15,0
2800,2406,16,0
2800,3027,17,0
2800,2592,18,0
2800,2399,19,0
2800,3023,20,0
2800,3022,21,0
2800,2396,22,0
2800,2394,23,0
2800,3019,24,0
2800,3018,25,0
2800,3017,26,0
2800,2486,27,0
2800,2485,28,0
2800,2483,29,0
2800,3179,30,0
2800,3181,31,0
2800,3182,32,0
2800,2477,33,0
2800,2701,34,0
2800,2558,35,0
2800,2981,36,0
2800,2559,37,0
2800,3053,38,0
2800,2564,39,0
2800,3172,40,1
2801,3172,1,0
2801,3333,2,0
2801,3055,3,0
2801,2985,4,0
2801,2980,5,0
2801,2289,6,0
2801,2720,7,0
2801,3051,8,0
2801,3180,9,0
2801,3178,10,0
2801,3176,11,0
2801,2484,12,0
2801,3015,13,0
2801,3016,14,0
2801,2490,15,0
2801,3020,16,0
2801,2395,17,0
2801,2397,18,0
2801,3021,19,0
2801,3024,20,0
2801,2398,21,0
2801,2456,22,0
2801,3026,23,0
2801,2405,24,0
2801,2404,25,0
2801,2403,26,0
2801,2828,27,0
2801,2402,28,0
2801,2401,29,0
2801,2400,30,0
2801,2494,31,0
2801,2406,32,0
2801,3027,33,0
2801,2593,34,0
2801,2591,35,0
2801,2590,36,0
2801,2256,37,0
2801,3231,38,0
2801,3237,39,0
2801,2421,40,1
3400,2421,1,0
3400,3075,2,0
3400,3077,3,0
3400,3079,4,0
3400,3080,5,0
3400,3309,6,0
3400,3310,7,0
3400,2083,8,0
3400,3323,9,0
3400,3363,10,0
3400,3324,11,0
3400,3325,12,0
3400,3326,13,0
3400,3327,14,0
3400,3328,15,0
3400,2105,16,0
3400,3329,17,0
3400,3330,18,0
3400,2135,19,0
3400,2160,20,0
3400,2159,21,0
3400,2158,22,0
3400,2157,23,0
3400,3201,24,0
3400,3202,25,0
3400,3203,26,0
3400,2445,27,0
3400,2355,28,1
3401,2355,1,0
3401,2446,2,0
3401,2451,3,0
3401,2223,4,0
3401,2225,5,0
3401,2228,6,0
3401,3131,7,0
3401,3212,8,0
3401,3211,9,0
3401,3084,10,0
3401,2516,11,0
3401,2151,12,0
3401,2518,13,0
3401,3269,14,0
3401,2084,15,0
3401,3343,16,0
3401,2260,17,0
3401,2864,18,0
3401,2717,19,0
3401,3078,20,0
3401,3076,21,0
3401,2421,22,1
3700,3233,1,0
3700,2969,2,0
3700,2634,3,0
3700,2094,4,0
3700,2095,5,0
3700,2096,6,0
3700,2132,7,0
3700,2117,8,0
3700,2119,9,0
3700,2121,10,0
3700,2123,11,0
3700,2125,12,0
3700,3446,13,0
3700,3036,14,0
3700,2130,15,0
3700,3439,16,0
3700,3441,17,0
3700,2120,18,0
3700,2118,19,0
3700,2116,20,0
3700,2114,21,0
3700,2133,22,0
3700,2097,23,0
3700,2098,24,0
3700,2099,25,0
3700,2100,26,0
3700,2968,27,0
3701,3233,1,0
3701,2109,2,0
3701,3442,3,0
3701,3443,4,0
3701,3444,5,0
3701,3445,6,0
3701,2213,7,0
12000,3174,1,0
12000,3175,2,0
12000,2161,3,0
12000,3217,4,0
12000,3219,5,0
12000,3177,6,0
12000,2163,7,0
12000,2993,8,0
12000,2449,9,0
12000,2315,10,0
12000,2587,11,0
12000,3405,12,0
12000,3403,13,0
12000,3401,14,0
12000,2137,15,0
12000,3399,16,0
12000,3397,17,0
12000,3395,18,0
12000,3393,19,0
12000,3391,20,0
12000,3389,21,0
12000,3387,22,0
12000,3137,23,0
12000,3172,24,1
12001,3172,1,0
12001,3169,2,0
12001,2614,3,0
12001,3388,4,0
12001,3390,5,0
12001,3392,6,0
12001,3394,7,0
12001,3396,8,0
12001,3398,9,0
12001,3400,10,0
12001,2138,11,0
12001,3402,12,0
12001,3404,13,0
12001,2107,14,0
12001,3406,15,0
12001,3362,16,0
12001,2636,17,0
12001,2992,18,0
12001,2164,19,0
12001,3220,20,0
12001,3218,21,0
12001,2989,22,0
12001,2973,23,0
12001,3173,24,0
12001,3174,25,1
19000,3172,1,0
19000,2761,2,0
19000,2758,3,0
19000,2757,4,0
19000,2268,5,0
19000,2269,6,0
19000,2235,7,0
19000,2236,8,0
19000,3348,9,0
19000,2907,10,0
19000,2896,11,0
19000,2901,12,0
19000,2902,13,0
19000,3346,14,0
19000,2287,15,0
19000,2533,16,0
19000,2529,17,0
19000,2506,18,0
19000,2521,19,0
19000,2522,20,0
19000,2523,21,0
19000,2525,22,0
19000,2894,23,0
19000,2892,24,0
19000,2890,25,0
19000,2888,26,0
19000,3337,27,0
19000,2886,28,0
19000,2884,29,0
19000,2826,30,0
19000,2237,31,0
19000,2317,32,1
19001,2870,1,0
19001,2238,2,0
19001,2827,3,0
19001,2883,4,0
19001,2885,5,0
19001,3336,6,0
19001,2887,7,0
19001,2889,8,0
19001,2891,9,0
19001,2893,10,0
19001,2526,11,0
19001,2524,12,0
19001,2520,13,0
19001,2505,14,0
19001,2531,15,0
19001,2532,16,0
19001,3345,17,0
19001,2903,18,0
19001,2102,19,0
19001,2897,20,0
19001,2895,21,0
19001,2906,22,0
19001,2876,23,0
19001,2239,24,0
19001,3156,25,0
19001,2850,26,0
19001,2849,27,0
19001,2756,28,0
19001,2759,29,0
19001,2760,30,0
19001,2763,31,0
19001,3172,32,1
1001400,3172,1,0
1001400,3333,2,0
1001400,3055,3,0
1001400,2985,4,0
1001400,2633,5,0
1001400,2453,6,0
1001400,3243,7,0
1001400,2549,8,0
1001400,2542,9,0
1001400,2630,10,0
1001400,3118,11,0
1001400,2545,12,0
1001400,2574,13,0
1001400,2571,14,0
1001400,2101,15,0
1001400,2573,16,0
1001400,2544,17,0
1001400,2541,18,0
1001400,2538,19,0
1001400,2671,20,0
1001400,2669,21,0
1001400,2667,22,0
1001400,2665,23,0
1001400,2663,24,0
1001400,2661,25,0
1001400,2659,26,0
1001400,2657,27,0
1001400,2653,28,0
1001400,2651,29,0
1001400,3113,30,0
1001400,3161,31,0
1001400,3193,32,0
1001400,2625,33,0
1001400,2624,34,0
1001400,2344,35,0
1001400,2342,36,0
1001400,2458,37,0
1001400,2457,38,0
1001400,2338,39,0
1001400,2337,40,0
1001400,3138,41,0
1001400,2334,42,0
1001400,2333,43,0
1001400,2331,44,0
1001400,2329,45,0
1001400,2288,46,0
1001400,2327,47,0
1001400,2263,48,0
1001400,2348,49,0
1001400,3408,50,0
1001400,3371,51,0
1001400,3372,52,0
1001400,3373,53,0
1001400,3374,54,0
1001400,3375,55,0
1001400,2860,56,0
1001400,2324,57,0
1001400,2322,58,0
1001400,2255,59,0
1001400,2252,60,0
1001400,2253,61,0
1001400,2321,62,0
1001400,2171,63,0
1001400,2173,64,0
1001400,2175,65,0
1001400,2177,66,0
1001400,2179,67,0
1001400,2181,68,0
1001400,2183,69,0
1001400,2185,70,0
1001400,2187,71,0
1001400,2189,72,1
1001401,2189,1,0
1001401,2188,2,0
1001401,2186,3,0
1001401,2184,4,0
1001401,2180,5,0
1001401,2178,6,0
1001401,2176,7,0
1001401,2174,8,0
1001401,2172,9,0
1001401,2170,10,0
1001401,2168,11,0
1001401,2255,12,0
1001401,2252,13,0
1001401,2253,14,0
1001401,2321,15,0
1001401,2325,16,0
1001401,2214,17,0
1001401,2859,18,0
1001401,2861,19,0
1001401,2467,20,0
1001401,2468,21,0
1001401,2469,22,0
1001401,2471,23,0
1001401,2472,24,0
1001401,2357,25,0
1001401,3049,26,0
1001401,3127,27,0
1001401,2326,28,0
1001401,2328,29,0
1001401,2330,30,0
1001401,2332,31,0
1001401,2335,32,0
1001401,2336,33,0
1001401,2339,34,0
1001401,2340,35,0
1001401,2341,36,0
1001401,2343,37,0
1001401,2345,38,0
1001401,2623,39,0
1001401,3159,40,0
1001401,3160,41,0
1001401,3162,42,0
1001401,3265,43,0
1001401,3113,44,0
1001401,2652,45,0
1001401,2654,46,0
1001401,2656,47,0
1001401,2658,48,0
1001401,2660,49,0
1001401,2662,50,0
1001401,2664,51,0
1001401,2666,52,0
1001401,2668,53,0
1001401,2670,54,0
1001401,2539,55,0
1001401,2540,56,0
1001401,2545,57,0
1001401,2574,58,0
1001401,3119,59,0
1001401,2101,60,0
1001401,2573,61,0
1001401,2547,62,0
1001401,2546,63,0
1001401,2543,64,0
1001401,2548,65,0
1001401,2550,66,0
1001401,2552,67,0
1001401,2632,68,0
1001401,3344,69,0
1001401,2559,70,0
1001401,3053,71,0
1001401,2564,72,0
1001401,3172,73,1
