1300,'1_merged_3768024',709,,2475,,,0,40,,2479,,,0,80,,2474,,,0,80,,2458,,,0,40,,2477,,,0,80,,2466,,,0,80,,2467,,,0,40,,2459,,,0,80,,2457,,,0,80,,2478,,,0,40,,2462,,,0,80,,2465,,,0,80,,2469,,,0,40,,2461,,,0,80,,2460,,,0,80,,2476,,,0,40,,2470,,,0,80,,2454,,,0,80,,2464,,,0,40,,2468,,,0,80,,2456,,,0,80,,2472,,,0,40,,2463,,,0,80,,2455,,,0,80,,2471,,,0,40,,2473,,,0
1300,'2_merged_3768026',703,,2495,,,0,100,,2485,,,0,100,,2491,,,0,100,,2480,,,0,100,,2490,,,0,100,,2483,,,0,100,,2492,,,0,100,,2486,,,0,100,,2493,,,0,100,,2487,,,0,100,,2489,,,0,100,,2488,,,0,100,,2484,,,0,100,,2494,,,0,100,,2482,,,0,100,,2481,,,0
1300,'3_merged_3768025',803,,2499,,,0,100,,2503,,,0,100,,2506,,,0,100,,2507,,,0,100,,2505,,,0,100,,2501,,,0,100,,2508,,,0,100,,2500,,,0,100,,2496,,,0,100,,2504,,,0,100,,2502,,,0,100,,2498,,,0,100,,2497,,,0
1300,'4',709,,2530,,,0,40,,2534,,,0,80,,2529,,,0,80,,2513,,,0,40,,2532,,,0,80,,2521,,,0,80,,2522,,,0,40,,2514,,,0,80,,2512,,,0,80,,2533,,,0,40,,2517,,,0,80,,2520,,,0,80,,2524,,,0,40,,2516,,,0,80,,2515,,,0,80,,2531,,,0,40,,2525,,,0,80,,2509,,,0,80,,2519,,,0,40,,2523,,,0,80,,2511,,,0,80,,2527,,,0,40,,2518,,,0,80,,2510,,,0,80,,2526,,,0,40,,2528,,,0
1300,'5',629,,2538,,,0,26,,2550,,,0,63,,2574,,,0,39,,2547,,,0,70,,2544,,,0,25,,2535,,,0,70,,2542,,,0,22,,2546,,,0,70,,2555,,,0,30,,2568,,,0,65,,2572,,,0,25,,2549,,,0,25,,2559,,,0,65,,2543,,,0,25,,2569,,,0,65,,2575,,,0,25,,2566,,,0,65,,2571,,,0,25,,2567,,,0,25,,2552,,,0,61,,2562,,,0,17,,2545,,,0,25,,2558,,,0,70,,2553,,,0,30,,2560,,,0,55,,2565,,,0,25,,2537,,,0,70,,2540,,,0,30,,2556,,,0,68,,2536,,,0,32,,2554,,,0,16,,2561,,,0,66,,2576,,,0,26,,2570,,,0,66,,2551,,,0,26,,2557,,,0,66,,2564,,,0,26,,2539,,,0,26,,2541,,,0,66,,2573,,,0,26,,2563,,,0,66,,2548,,,0
1301,'1_merged_3768024',605,,2578,,,0,40,,2594,,,0,80,,2600,,,0,80,,2595,,,0,40,,2584,,,0,80,,2580,,,0,80,,2581,,,0,40,,2579,,,0,80,,2591,,,0,80,,2601,,,0,40,,2592,,,0,80,,2598,,,0,80,,2589,,,0,40,,2577,,,0,80,,2593,,,0,80,,2585,,,0,40,,2603,,,0,80,,2597,,,0,80,,2587,,,0,40,,2586,,,0,80,,2596,,,0,80,,2582,,,0,40,,2588,,,0,80,,2599,,,0,80,,2602,,,0,40,,2590,,,0,80,,2583,,,0
1301,'2_merged_3768026',647,,2619,,,0,100,,2607,,,0,100,,2605,,,0,100,,2604,,,0,100,,2609,,,0,100,,2615,,,0,100,,2610,,,0,100,,2608,,,0,100,,2614,,,0,100,,2617,,,0,100,,2613,,,0,100,,2618,,,0,100,,2612,,,0,100,,2606,,,0,100,,2611,,,0,100,,2616,,,0
1301,'3_merged_3768025',747,,2620,,,0,100,,2626,,,0,100,,2623,,,0,100,,2629,,,0,100,,2624,,,0,100,,2622,,,0,100,,2621,,,0,100,,2630,,,0,100,,2631,,,0,100,,2625,,,0,100,,2627,,,0,100,,2628,,,0
1301,'4',605,,2633,,,0,40,,2649,,,0,80,,2655,,,0,80,,2650,,,0,40,,2639,,,0,80,,2635,,,0,80,,2636,,,0,40,,2634,,,0,80,,2646,,,0,80,,2656,,,0,40,,2647,,,0,80,,2653,,,0,80,,2644,,,0,40,,2632,,,0,80,,2648,,,0,80,,2640,,,0,40,,2658,,,0,80,,2652,,,0,80,,2642,,,0,40,,2641,,,0,80,,2651,,,0,80,,2637,,,0,40,,2643,,,0,80,,2654,,,0,80,,2657,,,0,40,,2645,,,0,80,,2638,,,0
1301,'5',607,,2684,,,0,35,,2665,,,0,70,,2685,,,0,25,,2690,,,0,70,,2680,,,0,33,,2664,,,0,70,,2659,,,0,30,,2674,,,0,65,,2660,,,0,25,,2694,,,0,25,,2668,,,0,65,,2681,,,0,25,,2671,,,0,65,,2678,,,0,25,,2677,,,0,65,,2695,,,0,25,,2663,,,0,25,,2687,,,0,67,,2667,,,0,25,,2697,,,0,70,,2683,,,0,30,,2672,,,0,15,,2682,,,0,65,,2662,,,0,30,,2676,,,0,70,,2693,,,0,30,,2696,,,0,70,,2691,,,0,28,,2679,,,0,66,,2669,,,0,26,,2675,,,0,66,,2661,,,0,26,,2666,,,0,66,,2688,,,0,26,,2673,,,0,26,,2689,,,0,66,,2692,,,0,26,,2686,,,0,66,,2670,,,0
7100,'5',1059,,4392,4,,0,160,,4393,4,,0
7101,'5',1143,,4394,,,0,57,,4397,,,0,59,,4396,,,0
8601,'5',1135,,4414,4,,0
