400,'1',618,,2774,1,0,44 45 20,0,36,,2769,1,0,44 45 20,0,65,,2766,1,0,44 45 20,0,21,,1258,1,0,44 45 20,0,69,,2779,1,0,44 45 20,0,20,,2764,1,0,44 45 20,0,26,,1196,1,0,44 45 20,0,64,,2770,1,0,44 45 20,0,25,,1622,1,0,44 45 20,0,84,,1066,1,0,44 45 20,0,27,,474,1,0,44 45 20,0,65,,2771,1,0,44 45 20,0,81,,2776,1,0,44 45 20,0,30,,1051,1,0,44 45 20,0,25,,2768,1,0,44 45 20,0,81,,1426,1,0,44 45 20,0,70,,2772,1,0,44 45 20,0,25,,2781,1,0,44 45 20,0,81,,2773,1,0,44 45 20,0,35,,2777,1,0,44 45 20,0,63,,2765,1,0,44 45 20,0,33,,2030,1,0,44 45 20,0,60,,724,1,0,44 45 20,0,35,,2775,1,0,44 45 20,0,61,,2767,1,0,44 45 20,0,37,,1747,1,0,44 45 20,0,19,,121,1,0,44 45 20,0,70,,970,1,0,44 45 20,0,24,,1535,1,0,44 45 20,0,68,,2778,1,0,44 45 20,0,103,,2780,1,0,44 45 20,0,81,,1804,1,0,44 45 20,0,99,,490,1,0,44 45 20,0,35,,2494,1,0,44 45 20,0
400,'2',722,,2788,1,0,44 45 20,0,100,,50,1,0,44 45 20,0,100,,2786,1,0,44 45 20,0,100,,672,1,0,44 45 20,0,100,,2792,1,0,44 45 20,0,100,,2790,1,0,44 45 20,0,100,,2785,1,0,44 45 20,0,100,,2013,1,0,44 45 20,0,100,,520,1,0,44 45 20,0,100,,449,1,0,44 45 20,0,100,,2787,1,0,44 45 20,0,100,,1894,1,0,44 45 20,0,100,,2791,1,0,44 45 20,0,100,,2783,1,0,44 45 20,0,100,,2789,1,0,44 45 20,0,100,,2782,1,0,44 45 20,0,100,,2784,1,0,21 20,0
400,'3',822,,2795,1,0,44 45 20,0,100,,2799,1,0,44 45 20,0,100,,1296,1,0,44 45 20,0,100,,2794,1,0,44 45 20,0,100,,1814,1,0,44 45 20,0,100,,575,1,0,44 45 20,0,100,,2797,1,0,44 45 20,0,100,,2796,1,0,44 45 20,0,100,,2793,1,0,44 45 20,0,100,,2798,1,0,44 45 20,0,100,,593,1,0,44 45 20,0,100,,566,1,0,44 45 20,0
401,'1',652,,419,45,4,,0,65,,1053,45,4,,0,22,,2263,45,4,,0,64,,2806,45,4,,0,24,,779,45,4,,0,25,,2802,45,4,,0,65,,1621,45,4,,0,25,,2811,45,4,,0,84,,2251,45,4,,0,27,,1170,45,4,,0,65,,1498,45,4,,0,41,,2808,45,4,,0,70,,1568,45,4,,0,25,,2810,45,4,,0,81,,224,45,4,,0,70,,1180,45,4,,0,25,,321,45,4,,0,81,,315,45,4,,0,36,,2803,45,4,,0,63,,1356,45,4,,0,33,,473,45,4,,0,58,,2809,45,4,,0,34,,952,45,4,,0,24,,2807,45,4,,0,76,,192,45,4,,0,20,,1265,45,4,,0,70,,2804,45,4,,0,24,,108,45,4,,0,67,,756,45,4,,0,103,,2453,45,4,,0,81,,479,45,4,,0,59,,2801,45,4,,0,75,,2805,45,4,,0,75,,2800,45,4,,0
401,'2',816,,2819,45,4,,0,100,,2822,45,4,,0,100,,2812,45,4,,0,100,,2817,45,4,,0,100,,2815,45,4,,0,100,,514,45,4,,0,100,,2818,45,4,,0,100,,2821,45,4,,0,100,,1601,45,4,,0,100,,2820,45,4,,0,100,,2813,45,4,,0,100,,2816,45,4,,0,100,,522,45,4,,0,100,,2823,45,4,,0,100,,2824,45,4,,0,100,,2814,45,4,,0
401,'3',816,,2833,24,4,,0,100,,2826,45,4,,0,100,,2829,45,4,,0,100,,2832,45,4,,0,100,,574,45,4,,0,100,,2395,45,4,,0,100,,2404,45,4,,0,100,,2830,45,4,,0,100,,2827,45,4,,0,100,,1360,45,4,,0,100,,2825,45,4,,0,100,,2831,45,4,,0
1100,'1',626,,3186,1,,,0,100,,789,1,,,0,100,,1064,1,,,0,100,,3184,1,,,0,100,,3189,1,,,0,100,,988,1,,,0,100,,2043,1,,,0,100,,3187,1,,,0,100,,1864,1,,,0,100,,3188,1,,,0,104,,3183,1,,,0,111,,3185,1,,,0,100,,2161,1,,,0,100,,3190,1,,,0,100,,3191,1,,,0,100,,2255,1,,,0
1101,'1',623,,85,38,4,,0,100,,2365,38,4,,0,90,,104,38,4,,0,110,,1865,38,4,,0,100,,1269,38,4,,0,100,,543,38,4,,0,100,,1188,38,4,,0,100,,1166,38,4,,0,100,,1186,38,4,,0,100,,1919,38,4,,0,100,,1517,38,4,,0,115,,3193,38,4,,0,100,,1631,38,4,,0,100,,3192,38,4,,0,100,,2265,38,4,,0,100,,343,38,4,,0
1200,'1',625,,2381,1,0,37 1 38,0,30,,1177,1,0,37 1 38,0,70,,1150,1,0,37 1 38,0,30,,750,1,0,37 1 38,0,70,,691,1,0,37 1 38,0,30,,2206,1,0,37 1 38,0,670,,3195,1,0,37 1 38,0,30,,2041,1,0,37 1 38,0,70,,2382,1,0,37 1 38,0,26,,2033,1,0,37 1 38,0,74,,3194,1,0,37 1 38,0,26,,708,1,0,37 1 38,0,74,,1808,1,0,37 1 38,0,30,,1528,1,0,37 1 38,0
1201,'1',620,,3198,19,4,,0,30,,697,19,4,,0,70,,1841,26,4,,0,30,,3196,26,4,,0,70,,2035,26,4,,0,30,,1212,26,4,,0,70,,728,26,4,,0,30,,1633,26,4,,0,670,,1780,26,4,,0,30,,2473,26,4,,0,70,,2117,26,4,,0,30,,3199,26,4,,0,70,,936,26,4,,0,30,,203,26,4,,0,70,,3197,26,4,,0,30,,917,26,4,,0
