300,'1',813,,276,17,,,1,100,,277,17,,,1,100,,269,17,,,1,100,,271,17,,,1,100,,278,17,,,1,100,,279,17,,,1,100,,273,17,,,1,100,,272,17,,,1,100,,274,17,,,1,100,,270,17,,,1,100,,280,17,,,1,100,,275,17,,,1
300,'2',713,,297,17,,,1,30,,285,17,,,1,70,,287,17,,,1,30,,310,17,,,1,70,,283,17,,,1,30,,281,17,,,1,70,,293,17,,,1,30,,296,17,,,1,70,,282,17,,,1,30,,303,17,,,1,70,,291,17,,,1,30,,307,17,,,1,70,,301,17,,,1,30,,286,17,,,1,70,,292,17,,,1,30,,309,17,,,1,70,,300,17,,,1,30,,299,17,,,1,70,,294,17,,,1,30,,295,17,,,1,70,,290,17,,,1,30,,306,17,,,1,70,,308,17,,,1,30,,304,17,,,1,70,,302,17,,,1,30,,289,17,,,1,70,,284,17,,,1,100,,305,17,,,1,100,,288,17,,,1,109,,298,17,,,1
300,'3',604,,316,17,,,1,37,,323,17,,,1,60,,313,17,,,1,26,,341,17,,,1,22,,339,17,,,1,66,,329,17,,,1,23,,335,17,,,1,65,,344,17,,,1,23,,311,17,,,1,20,,348,17,,,1,65,,312,17,,,1,23,,317,17,,,1,20,,350,17,,,1,65,,336,17,,,1,23,,325,17,,,1,60,,319,17,,,1,25,,326,17,,,1,23,,321,17,,,1,60,,320,17,,,1,25,,342,17,,,1,23,,338,17,,,1,60,,345,17,,,1,25,,349,17,,,1,63,,314,17,,,1,20,,347,17,,,1,26,,315,17,,,1,63,,322,17,,,1,25,,333,17,,,1,68,,328,17,,,1,22,,343,17,,,1,18,,318,17,,,1,70,,332,17,,,1,27,,337,17,,,1,62,,346,17,,,1,28,,334,17,,,1,16,,330,17,,,1,63,,340,17,,,1,29,,331,17,,,1,103,,324,17,,,1,108,,327,17,,,1
1001,'3',1432,,1156,19,,,1,70,,1157,19,,,1,30,,1146,19,,,1,70,,1158,19,,,1,30,,1147,19,,,1,70,,1152,19,,,1,30,,1150,19,,,1
1801,'1',828,,1702,29,,,1,100,,1698,29,,,1,100,,1695,29,,,1,100,,1696,29,,,1,100,,1697,29,,,1,100,,1703,29,,,1,100,,1701,29,,,1,100,,1705,29,,,1,100,,1706,29,,,1,100,,1699,29,,,1,100,,1704,29,,,1,100,,1700,29,,,1
1801,'2',728,,1719,29,,,1,100,,1712,29,,,1,100,,1715,29,,,1,100,,1717,29,,,1,100,,1707,29,,,1,100,,1714,29,,,1,100,,1709,29,,,1,100,,1710,29,,,1,100,,1711,29,,,1,100,,1713,29,,,1,100,,1708,29,,,1,100,,1716,29,,,1,100,,1718,29,,,1
1801,'3',628,,1731,29,,,1,30,,1736,29,,,1,70,,1740,29,,,1,30,,1742,29,,,1,70,,1743,29,,,1,30,,1747,29,,,1,70,,1735,29,,,1,30,,1738,29,,,1,70,,1737,29,,,1,30,,1745,29,,,1,70,,1724,29,,,1,30,,1729,29,,,1,70,,1730,29,,,1,30,,1739,29,,,1,70,,1725,29,,,1,30,,1726,29,,,1,70,,1720,29,,,1,30,,1733,29,,,1,70,,1746,29,,,1,30,,1721,29,,,1,76,,1741,29,,,1,70,,1722,29,,,1,30,,1728,29,,,1,70,,1727,29,,,1,30,,1744,29,,,1,24,,1723,29,,,1,70,,1732,29,,,1,100,,1734,29,,,1,100,,1748,29,,,1
2801,'1',807,,2052,30,,,1,100,,2049,38,,,1,100,,2046,38,,,1,100,,2058,38,,,1,100,,2053,38,,,1,100,,2054,38,,,1,100,,2050,38,,,1,100,,2055,38,,,1,100,,2047,38,,,1,100,,2048,38,,,1,100,,2056,38,,,1,100,,2057,38,,,1,100,,2051,38,,,1
2801,'2',707,,2064,38,,,1,100,,2067,38,,,1,100,,2069,38,,,1,100,,2072,38,,,1,100,,2068,38,,,1,100,,2065,38,,,1,100,,2062,38,,,1,100,,2059,38,,,1,100,,2061,38,,,1,100,,2063,38,,,1,100,,2070,38,,,1,100,,2066,38,,,1,100,,2060,38,,,1,100,,2071,38,,,1
2801,'3',637,,2100,38,,,1,70,,2079,38,,,1,30,,2102,38,,,1,70,,2090,38,,,1,30,,2075,38,,,1,70,,2088,38,,,1,30,,2087,38,,,1,70,,2084,38,,,1,30,,2098,38,,,1,70,,2085,38,,,1,30,,2077,38,,,1,70,,2099,38,,,1,30,,2076,38,,,1,70,,2089,38,,,1,30,,2073,38,,,1,70,,2092,38,,,1,30,,2081,38,,,1,70,,2080,38,,,1,30,,2095,38,,,1,70,,2086,38,,,1,36,,2074,38,,,1,70,,2093,38,,,1,30,,2101,38,,,1,70,,2078,38,,,1,30,,2096,38,,,1,64,,2083,38,,,1,30,,2094,38,,,1,70,,2097,38,,,1,100,,2091,38,,,1,100,,2082,38,,,1
