300,'1_merged_3768024',612,,540,,,0,37,,525,,,0,60,,511,,,0,26,,503,,,0,22,,524,,,0,66,,527,,,0,23,,516,,,0,65,,536,,,0,23,,529,,,0,20,,531,,,0,65,,535,,,0,23,,534,,,0,60,,513,,,0,25,,517,,,0,23,,518,,,0,60,,507,,,0,25,,539,,,0,23,,526,,,0,60,,508,,,0,25,,515,,,0,63,,504,,,0,20,,520,,,0,25,,502,,,0,63,,510,,,0,20,,530,,,0,69,,537,,,0,23,,509,,,0,25,,514,,,0,70,,501,,,0,22,,523,,,0,16,,512,,,0,70,,519,,,0,27,,533,,,0,64,,505,,,0,29,,522,,,0,10,,521,,,0,63,,506,,,0,29,,528,,,0,103,,538,,,0,148,,532,,,0
300,'2_merged_3768026',720,,561,,,0,30,,549,,,0,70,,551,,,0,30,,544,,,0,70,,547,,,0,30,,545,,,0,70,,557,,,0,30,,560,,,0,70,,546,,,0,30,,567,,,0,70,,555,,,0,30,,541,,,0,70,,565,,,0,30,,550,,,0,70,,556,,,0,30,,543,,,0,70,,564,,,0,30,,563,,,0,70,,558,,,0,30,,559,,,0,70,,554,,,0,30,,570,,,0,70,,542,,,0,30,,568,,,0,70,,566,,,0,30,,553,,,0,70,,548,,,0,100,,569,,,0,100,,552,,,0,109,,562,,,0
300,'3_merged_3768025',820,,580,,,0,100,,581,,,0,100,,573,,,0,100,,575,,,0,100,,582,,,0,100,,571,,,0,100,,578,,,0,100,,576,,,0,100,,577,,,0,100,,574,,,0,100,,572,,,0,100,,579,,,0
300,'4',612,,622,,,0,37,,607,,,0,60,,593,,,0,26,,585,,,0,22,,606,,,0,66,,609,,,0,23,,598,,,0,65,,618,,,0,23,,611,,,0,20,,613,,,0,65,,617,,,0,23,,616,,,0,60,,595,,,0,25,,599,,,0,23,,600,,,0,60,,589,,,0,25,,621,,,0,23,,608,,,0,60,,590,,,0,25,,597,,,0,63,,586,,,0,20,,602,,,0,25,,584,,,0,63,,592,,,0,20,,612,,,0,69,,619,,,0,23,,591,,,0,25,,596,,,0,70,,583,,,0,22,,605,,,0,16,,594,,,0,70,,601,,,0,27,,615,,,0,64,,587,,,0,29,,604,,,0,10,,603,,,0,63,,588,,,0,29,,610,,,0,103,,620,,,0,148,,614,,,0
300,'5',612,,624,,,0,37,,637,,,0,60,,647,,,0,26,,650,,,0,22,,659,,,0,66,,623,,,0,23,,626,,,0,65,,658,,,0,23,,643,,,0,20,,629,,,0,65,,644,,,0,23,,635,,,0,60,,627,,,0,25,,646,,,0,23,,639,,,0,60,,654,,,0,25,,652,,,0,23,,648,,,0,60,,630,,,0,25,,636,,,0,63,,628,,,0,20,,655,,,0,25,,642,,,0,63,,651,,,0,20,,634,,,0,69,,625,,,0,23,,632,,,0,25,,660,,,0,70,,633,,,0,22,,661,,,0,16,,640,,,0,70,,649,,,0,27,,656,,,0,64,,641,,,0,29,,657,,,0,10,,645,,,0,63,,653,,,0,29,,638,,,0,103,,662,,,0,148,,631,,,0
1501,'1_merged_3768024',609,,3087,,,0,100,,3080,,,0,47,,3076,,,0,152,,3086,,,0,101,,3084,,,0,100,,3083,,,0,100,,3079,,,0,100,,3082,,,0,100,,3085,,,0,100,,3077,,,0,100,,3078,,,0,112,,3089,,,0,113,,3075,,,0,105,,3081,,,0,100,,3088,,,0
1501,'2_merged_3768026',709,,3101,,,0,100,,3097,,,0,100,,3103,,,0,100,,3095,,,0,100,,3096,,,0,100,,3092,,,0,100,,3100,,,0,100,,3090,,,0,100,,3099,,,0,100,,3102,,,0,100,,3098,,,0,100,,3093,,,0,100,,3094,,,0,100,,3091,,,0
1501,'3_merged_3768025',809,,3115,,,0,100,,3106,,,0,100,,3107,,,0,100,,3114,,,0,100,,3112,,,0,100,,3108,,,0,100,,3109,,,0,100,,3110,,,0,100,,3111,,,0,100,,3104,,,0,100,,3105,,,0,100,,3113,,,0
1501,'4',609,,3128,,,0,100,,3121,,,0,47,,3117,,,0,152,,3127,,,0,101,,3125,,,0,100,,3124,,,0,100,,3120,,,0,100,,3123,,,0,100,,3126,,,0,100,,3118,,,0,100,,3119,,,0,112,,3130,,,0,113,,3116,,,0,105,,3122,,,0,100,,3129,,,0
1501,'5',609,,3133,,,0,37,,3150,,,0,70,,3142,,,0,40,,3135,,,0,70,,3131,,,0,82,,3140,,,0,30,,3132,,,0,71,,3148,,,0,30,,3155,,,0,70,,3146,,,0,30,,3137,,,0,70,,3152,,,0,30,,3145,,,0,70,,3143,,,0,30,,3141,,,0,70,,3147,,,0,30,,3151,,,0,70,,3138,,,0,30,,3156,,,0,70,,3139,,,0,42,,3136,,,0,70,,3134,,,0,83,,3149,,,0,30,,3157,,,0,76,,3153,,,0,29,,3154,,,0,100,,3144,,,0
8300,'5',1457,,4404,0,50,0
