400,'1',621,,827,0,44 45 20,0,36,,832,0,44 45 20,0,65,,830,0,44 45 20,0,21,,853,0,44 45 20,0,69,,849,0,44 45 20,0,20,,839,0,44 45 20,0,26,,846,0,44 45 20,0,64,,844,0,44 45 20,0,25,,841,0,44 45 20,0,84,,858,0,44 45 20,0,27,,848,0,44 45 20,0,65,,826,0,44 45 20,0,81,,854,0,44 45 20,0,30,,845,0,44 45 20,0,25,,828,0,44 45 20,0,81,,843,0,44 45 20,0,70,,856,0,44 45 20,0,25,,850,0,44 45 20,0,82,,829,0,44 45 20,0,35,,825,0,44 45 20,0,63,,840,0,44 45 20,0,33,,855,0,44 45 20,0,60,,852,0,44 45 20,0,35,,833,0,44 45 20,0,61,,831,0,44 45 20,0,37,,834,0,44 45 20,0,59,,851,0,44 45 20,0,29,,847,0,44 45 20,0,24,,838,0,44 45 20,0,68,,836,0,44 45 20,0,103,,842,0,44 45 20,0,81,,857,0,44 45 20,0,99,,837,0,44 45 20,0,35,,835,0,44 45 20,0
400,'2',724,,872,0,44 45 20,0,100,,871,0,44 45 20,0,100,,869,0,44 45 20,0,100,,862,0,44 45 20,0,100,,861,0,44 45 20,0,100,,874,0,44 45 20,0,100,,867,0,44 45 20,0,100,,859,0,44 45 20,0,100,,875,0,44 45 20,0,100,,866,0,44 45 20,0,100,,870,0,44 45 20,0,100,,868,0,44 45 20,0,100,,860,0,44 45 20,0,100,,864,0,44 45 20,0,100,,873,0,44 45 20,0,100,,863,0,44 45 20,0,100,,865,0,21 20,0
400,'3',824,,883,0,44 45 20,0,100,,877,0,44 45 20,0,100,,887,0,44 45 20,0,100,,882,0,44 45 20,0,100,,880,0,44 45 20,0,100,,885,0,44 45 20,0,100,,876,0,44 45 20,0,100,,881,0,44 45 20,0,100,,878,0,44 45 20,0,100,,886,0,44 45 20,0,100,,884,0,44 45 20,0,100,,879,0,44 45 20,0
400,'4',621,,890,0,44 45 20,0,36,,895,0,44 45 20,0,65,,893,0,44 45 20,0,21,,916,0,44 45 20,0,69,,912,0,44 45 20,0,20,,902,0,44 45 20,0,26,,909,0,44 45 20,0,64,,907,0,44 45 20,0,25,,904,0,44 45 20,0,84,,921,0,44 45 20,0,27,,911,0,44 45 20,0,65,,889,0,44 45 20,0,81,,917,0,44 45 20,0,30,,908,0,44 45 20,0,25,,891,0,44 45 20,0,81,,906,0,44 45 20,0,70,,919,0,44 45 20,0,25,,913,0,44 45 20,0,82,,892,0,44 45 20,0,35,,888,0,44 45 20,0,63,,903,0,44 45 20,0,33,,918,0,44 45 20,0,60,,915,0,44 45 20,0,35,,896,0,44 45 20,0,61,,894,0,44 45 20,0,37,,897,0,44 45 20,0,59,,914,0,44 45 20,0,29,,910,0,44 45 20,0,24,,901,0,44 45 20,0,68,,899,0,44 45 20,0,103,,905,0,44 45 20,0,81,,920,0,44 45 20,0,99,,900,0,44 45 20,0,35,,898,0,44 45 20,0
400,'5',621,,938,0,44 45 20,0,36,,945,0,44 45 20,0,65,,934,0,44 45 20,0,21,,947,0,44 45 20,0,69,,944,0,44 45 20,0,20,,952,0,44 45 20,0,26,,942,0,44 45 20,0,64,,927,0,44 45 20,0,25,,936,0,44 45 20,0,84,,929,0,44 45 20,0,27,,950,0,44 45 20,0,65,,946,0,44 45 20,0,81,,935,0,44 45 20,0,30,,948,0,44 45 20,0,25,,949,0,44 45 20,0,81,,924,0,44 45 20,0,70,,951,0,44 45 20,0,25,,931,0,44 45 20,0,82,,933,0,44 45 20,0,35,,928,0,44 45 20,0,63,,939,0,44 45 20,0,33,,941,0,44 45 20,0,60,,953,0,44 45 20,0,35,,923,0,44 45 20,0,61,,937,0,44 45 20,0,37,,930,0,44 45 20,0,59,,926,0,44 45 20,0,29,,932,0,44 45 20,0,24,,955,0,44 45 20,0,68,,954,0,44 45 20,0,103,,940,0,44 45 20,0,81,,922,0,44 45 20,0,99,,943,0,44 45 20,0,35,,925,0,44 45 20,0
1100,'1',627,,2328,,,0,100,,2326,,,0,96,,2325,,,0,104,,2331,,,0,600,,2327,,,0,106,,2330,,,0,109,,2329,,,0,100,,2332,,,0,100,,2333,,,0
1100,'4',627,,2337,,,0,100,,2335,,,0,96,,2334,,,0,104,,2340,,,0,600,,2336,,,0,106,,2339,,,0,109,,2338,,,0,100,,2341,,,0,100,,2342,,,0
1100,'5',629,,2344,,,0,100,,2356,,,0,100,,2351,,,0,100,,2357,,,0,100,,2343,,,0,100,,2352,,,0,100,,2354,,,0,100,,2355,,,0,100,,2353,,,0,100,,2346,,,0,104,,2349,,,0,111,,2345,,,0,100,,2348,,,0,100,,2347,,,0,100,,2350,,,0,100,,2358,,,0
1200,'1',628,,2397,0,37 1 38,0,100,,2400,0,37 1 38,0,100,,2394,0,37 1 38,0,730,,2396,0,37 1 38,0,96,,2399,0,37 1 38,0,100,,2395,0,37 1 38,0,104,,2398,0,37 1 38,0
1200,'4',628,,2404,0,37 1 38,0,100,,2407,0,37 1 38,0,100,,2401,0,37 1 38,0,730,,2403,0,37 1 38,0,96,,2406,0,37 1 38,0,100,,2402,0,37 1 38,0,104,,2405,0,37 1 38,0
1200,'5',628,,2420,0,37 1 38,0,30,,2413,0,37 1 38,0,70,,2417,0,37 1 38,0,30,,2415,0,37 1 38,0,70,,2408,0,37 1 38,0,30,,2421,0,37 1 38,0,670,,2414,0,37 1 38,0,30,,2418,0,37 1 38,0,70,,2412,0,37 1 38,0,26,,2409,0,37 1 38,0,74,,2416,0,37 1 38,0,26,,2411,0,37 1 38,0,74,,2410,0,37 1 38,0,30,,2419,0,37 1 38,0
