300,'1',621,,540,,,0,37,,525,,,0,60,,511,,,0,26,,503,,,0,62,,524,,,0,26,,527,,,0,23,,516,,,0,65,,536,,,0,23,,529,,,0,60,,531,,,0,25,,535,,,0,23,,534,,,0,60,,513,,,0,25,,517,,,0,23,,518,,,0,60,,507,,,0,25,,539,,,0,63,,526,,,0,20,,508,,,0,25,,515,,,0,63,,504,,,0,20,,520,,,0,65,,502,,,0,23,,510,,,0,20,,530,,,0,71,,537,,,0,23,,509,,,0,65,,514,,,0,30,,501,,,0,22,,523,,,0,56,,512,,,0,30,,519,,,0,67,,533,,,0,24,,505,,,0,69,,522,,,0,9,,521,,,0,23,,506,,,0,69,,528,,,0,103,,538,,,0,108,,532,,,0
300,'2',728,,561,,,0,30,,549,,,0,70,,551,,,0,30,,544,,,0,70,,547,,,0,30,,545,,,0,70,,557,,,0,30,,560,,,0,70,,546,,,0,30,,567,,,0,70,,555,,,0,30,,541,,,0,70,,565,,,0,30,,550,,,0,70,,556,,,0,30,,543,,,0,70,,564,,,0,30,,563,,,0,70,,558,,,0,30,,559,,,0,70,,554,,,0,30,,570,,,0,70,,542,,,0,30,,568,,,0,70,,566,,,0,30,,553,,,0,70,,548,,,0,100,,569,,,0,100,,552,,,0,109,,562,,,0
300,'3',828,,580,,,0,100,,581,,,0,100,,573,,,0,100,,575,,,0,100,,582,,,0,100,,571,,,0,100,,578,,,0,100,,576,,,0,100,,577,,,0,100,,574,,,0,100,,572,,,0,100,,579,,,0
300,'4',621,,622,,,0,37,,607,,,0,60,,593,,,0,26,,585,,,0,62,,606,,,0,26,,609,,,0,23,,598,,,0,65,,618,,,0,23,,611,,,0,60,,613,,,0,25,,617,,,0,23,,616,,,0,60,,595,,,0,25,,599,,,0,23,,600,,,0,60,,589,,,0,25,,621,,,0,63,,608,,,0,20,,590,,,0,25,,597,,,0,63,,586,,,0,20,,602,,,0,65,,584,,,0,23,,592,,,0,20,,612,,,0,71,,619,,,0,23,,591,,,0,65,,596,,,0,30,,583,,,0,22,,605,,,0,56,,594,,,0,30,,601,,,0,67,,615,,,0,24,,587,,,0,69,,604,,,0,9,,603,,,0,23,,588,,,0,69,,610,,,0,103,,620,,,0,108,,614,,,0
300,'5',621,,624,,,0,37,,637,,,0,60,,647,,,0,26,,650,,,0,62,,659,,,0,26,,623,,,0,23,,626,,,0,65,,658,,,0,23,,643,,,0,60,,629,,,0,25,,644,,,0,23,,635,,,0,60,,627,,,0,25,,646,,,0,23,,639,,,0,60,,654,,,0,25,,652,,,0,63,,648,,,0,20,,630,,,0,25,,636,,,0,63,,628,,,0,20,,655,,,0,65,,642,,,0,23,,651,,,0,20,,634,,,0,71,,625,,,0,23,,632,,,0,65,,660,,,0,30,,633,,,0,22,,661,,,0,56,,640,,,0,30,,649,,,0,67,,656,,,0,24,,641,,,0,69,,657,,,0,9,,645,,,0,23,,653,,,0,69,,638,,,0,103,,662,,,0,108,,631,,,0
1401,'1',606,,2866,,,0,94,,2848,,,0,103,,2847,,,0,100,,2844,,,0,100,,2857,,,0,100,,2850,,,0,100,,2842,,,0,100,,2858,,,0,100,,2849,,,0,100,,2861,,,0,100,,2841,,,0,100,,2864,,,0,100,,2859,,,0,100,,2863,,,0,100,,2869,,,0,100,,2860,,,0
1401,'2',704,,2885,,,0,100,,2899,,,0,100,,2891,,,0,100,,2880,,,0,100,,2878,,,0,100,,2890,,,0,100,,2883,,,0,100,,2898,,,0,100,,2882,,,0,100,,2897,,,0,100,,2889,,,0,100,,2875,,,0,100,,2888,,,0,100,,2884,,,0
1401,'3',804,,2904,,,0,100,,2909,,,0,100,,2906,,,0,100,,2918,,,0,100,,2915,,,0,100,,2903,,,0,100,,2907,,,0,100,,2900,,,0,100,,2921,,,0,100,,2908,,,0,100,,2902,,,0,100,,2913,,,0
1401,'4',606,,2950,,,0,94,,2932,,,0,103,,2931,,,0,100,,2928,,,0,100,,2941,,,0,100,,2934,,,0,100,,2926,,,0,100,,2942,,,0,100,,2933,,,0,100,,2945,,,0,100,,2925,,,0,100,,2948,,,0,100,,2943,,,0,100,,2947,,,0,100,,2953,,,0,100,,2944,,,0
1401,'5',606,,2994,,,0,33,,2984,,,0,70,,2995,,,0,30,,2965,,,0,70,,2993,,,0,30,,2990,,,0,70,,2979,,,0,96,,2959,,,0,100,,2982,,,0,100,,2957,,,0,100,,2961,,,0,100,,2968,,,0,100,,2964,,,0,108,,2986,,,0,100,,2992,,,0,30,,2963,,,0,70,,2974,,,0,30,,2988,,,0,70,,2973,,,0,92,,2985,,,0
1001401,'1',623,,4697,0,23 21 20,0,107,,4688,0,23 21 20,0,106,,4705,0,23 21 20,0,100,,4692,0,23 21 20,0,100,,4714,0,23 21 20,0,100,,4703,0,23 21 20,0,100,,4712,0,23 21 20,0,100,,4708,0,23 21 20,0,100,,4704,0,23 21 20,0,100,,4701,0,23 21 20,0,100,,4690,0,23 21 20,0,100,,4711,0,23 21 20,0,100,,4713,0,23 21 20,0,100,,4684,0,23 21 20,0,100,,4709,0,23 21 20,0,100,,4686,0,23 21 20,0,100,,4689,0,23 21 20,0,100,,4716,0,23 21 20,0
1001401,'2',739,,4747,0,23 21 20,0,100,,4750,0,23 21 20,0,100,,4728,0,23 21 20,0,100,,4739,0,23 21 20,0,100,,4731,0,23 21 20,0,100,,4744,0,23 21 20,0,100,,4736,0,23 21 20,0,100,,4743,0,23 21 20,0,100,,4720,0,23 21 20,0,100,,4751,0,23 21 20,0,100,,4749,0,23 21 20,0,100,,4737,0,23 21 20,0,100,,4742,0,23 21 20,0,100,,4740,0,23 21 20,0,100,,4748,0,23 21 20,0,100,,4730,0,23 21 20,0,95,,4735,0,23 21 20,0
1001401,'3',839,,4763,0,23 21 20,0,100,,4765,0,23 21 20,0,100,,4761,0,23 21 20,0,100,,4768,0,23 21 20,0,100,,4772,0,23 21 20,0,100,,4775,0,23 21 20,0,100,,4778,0,23 21 20,0,100,,4767,0,23 21 20,0,100,,4770,0,23 21 20,0,100,,4756,0,23 21 20,0,100,,4757,0,23 21 20,0,100,,4774,0,23 21 20,0
1001401,'4',623,,4794,0,23 21 20,0,107,,4785,0,23 21 20,0,106,,4802,0,23 21 20,0,100,,4789,0,23 21 20,0,100,,4811,0,23 21 20,0,100,,4800,0,23 21 20,0,100,,4809,0,23 21 20,0,100,,4805,0,23 21 20,0,100,,4801,0,23 21 20,0,100,,4798,0,23 21 20,0,100,,4787,0,23 21 20,0,100,,4808,0,23 21 20,0,100,,4810,0,23 21 20,0,100,,4781,0,23 21 20,0,100,,4806,0,23 21 20,0,100,,4783,0,23 21 20,0,100,,4786,0,23 21 20,0,100,,4813,0,23 21 20,0
1001401,'5',623,,4853,0,23 21 20,0,33,,4860,0,23 21 20,0,70,,4854,0,23 21 20,0,30,,4821,0,23 21 20,0,70,,4837,0,23 21 20,0,28,,4861,0,23 21 20,0,79,,4820,0,23 21 20,0,100,,4859,0,23 21 20,0,100,,4818,0,23 21 20,0,100,,4858,0,23 21 20,0,100,,4842,0,23 21 20,0,100,,4862,0,23 21 20,0,109,,4851,0,23 21 20,0,100,,4824,0,23 21 20,0,88,,4852,0,23 21 20,0,70,,4857,0,23 21 20,0,30,,4833,0,23 21 20,0,70,,4831,0,23 21 20,0,33,,4836,0,23 21 20,0,100,,4838,0,23 21 20,0,100,,4829,0,23 21 20,0,103,,4832,0,23 21 20,0,100,,4844,0,23 21 20,0
