100,'1',829,,4891,,,1,30,,4880,,,1,70,,3029,,,1,30,,114,,,1,70,,4873,,,1,30,,4885,,,1,70,,4887,,,1,30,,4876,,,1,70,,3591,,,1,30,,3026,,,1,70,,4882,,,1,30,,4886,,,1,70,,4890,,,1,30,,4879,,,1,70,,4878,,,1,30,,4884,,,1,70,,4875,,,1,30,,4877,,,1,70,,3959,,,1,30,,2170,,,1,70,,4874,,,1,30,,4881,,,1,70,,4888,,,1,30,,4883,,,1,70,,4889,,,1
100,'2',729,,4913,,,1,30,,4893,,,1,70,,4894,,,1,30,,2749,,,1,70,,3191,,,1,30,,310,,,1,70,,4899,,,1,30,,4720,,,1,70,,4906,,,1,30,,2744,,,1,70,,2609,,,1,30,,4902,,,1,70,,4897,,,1,30,,4912,,,1,70,,4908,,,1,30,,4895,,,1,70,,4905,,,1,30,,4909,,,1,70,,4896,,,1,30,,4901,,,1,70,,2727,,,1,30,,4892,,,1,70,,4903,,,1,30,,4904,,,1,70,,4900,,,1,30,,4907,,,1,70,,4730,,,1,30,,4910,,,1,70,,4555,,,1,100,,4911,,,1,100,,4898,,,1
100,'3',613,,2389,,,1,15,,240,,,1,10,,3363,,,1,10,,4639,,,1,10,,4958,,,1,50,,4935,,,1,10,,4944,,,1,10,,4926,,,1,10,,4441,,,1,10,,4925,,,1,10,,4920,,,1,50,,1947,,,1,10,,4934,,,1,10,,4953,,,1,10,,4941,,,1,10,,4292,,,1,10,,1906,,,1,50,,4960,,,1,10,,4927,,,1,10,,4922,,,1,10,,4928,,,1,10,,4943,,,1,55,,192,,,1,15,,3759,,,1,15,,2220,,,1,15,,2814,,,1,55,,193,,,1,15,,451,,,1,15,,4947,,,1,15,,4929,,,1,55,,4915,,,1,15,,3072,,,1,15,,4937,,,1,15,,462,,,1,55,,4918,,,1,15,,1542,,,1,15,,2420,,,1,15,,4933,,,1,55,,4954,,,1,15,,4948,,,1,15,,3054,,,1,15,,211,,,1,55,,3883,,,1,15,,4938,,,1,15,,194,,,1,15,,4931,,,1,10,,4951,,,1,50,,4949,,,1,10,,206,,,1,10,,4932,,,1,10,,2219,,,1,10,,4956,,,1,10,,4959,,,1,50,,4364,,,1,10,,4945,,,1,10,,4930,,,1,10,,4914,,,1,10,,189,,,1,10,,4940,,,1,50,,4952,,,1,10,,4950,,,1,10,,4924,,,1,10,,2815,,,1,10,,4921,,,1,10,,4957,,,1,50,,4923,,,1,10,,4917,,,1,10,,4942,,,1,10,,4936,,,1,20,,3670,,,1,70,,4916,,,1,30,,4946,,,1,70,,4919,,,1,30,,4939,,,1,70,,4500,,,1,30,,4955,,,1,70,,3492,,,1,30,,953,,,1
101,'1',749,,4964,0,39 1 9,1,70,,4972,0,39 1 9,1,30,,4962,0,39 1 9,1,70,,4979,0,39 1 9,1,30,,4970,0,39 1 9,1,70,,4984,0,39 1 9,1,30,,4977,0,39 1 9,1,70,,4983,0,39 1 9,1,30,,4969,0,39 1 9,1,70,,4965,0,39 1 9,1,30,,4982,0,39 1 9,1,70,,4978,0,39 1 9,1,30,,4971,0,39 1 9,1,70,,4975,0,39 1 9,1,30,,4968,0,39 1 9,1,70,,4980,0,39 1 9,1,30,,4985,0,39 1 9,1,70,,4974,0,39 1 9,1,30,,4973,0,39 1 9,1,70,,4976,0,39 1 9,1,30,,4963,0,39 1 9,1,70,,4967,0,39 1 9,1,30,,4961,0,39 1 9,1,70,,4981,0,39 1 9,1,30,,4966,0,39 1 9,1
101,'2',649,,5006,0,39 1 9,1,70,,5004,0,39 1 9,1,30,,4987,0,39 1 9,1,70,,4995,0,39 1 9,1,30,,4552,0,39 1 9,1,70,,86,0,39 1 9,1,30,,5008,0,39 1 9,1,70,,4996,0,39 1 9,1,30,,5002,0,39 1 9,1,70,,5003,0,39 1 9,1,30,,5001,0,39 1 9,1,70,,4998,0,39 1 9,1,30,,5000,0,39 1 9,1,70,,84,0,39 1 9,1,30,,4989,0,39 1 9,1,70,,2874,0,39 1 9,1,30,,4991,0,39 1 9,1,70,,5010,0,39 1 9,1,30,,5005,0,39 1 9,1,70,,4578,0,39 1 9,1,30,,4994,0,39 1 9,1,70,,4992,0,39 1 9,1,30,,5007,0,39 1 9,1,70,,3570,0,39 1 9,1,30,,5009,0,39 1 9,1,70,,4993,0,39 1 9,1,30,,4999,0,39 1 9,1,70,,4990,0,39 1 9,1,30,,4986,0,39 1 9,1,100,,4997,0,39 1 9,1,100,,4988,0,39 1 9,1
101,'3',549,,5058,0,39 1 9,1,10,,2237,0,39 1 9,1,50,,3787,0,39 1 9,1,10,,4646,0,39 1 9,1,10,,4861,0,39 1 9,1,10,,5050,0,39 1 9,1,10,,5053,0,39 1 9,1,10,,5026,0,39 1 9,1,50,,1927,0,39 1 9,1,10,,5043,0,39 1 9,1,10,,5032,0,39 1 9,1,10,,5021,0,39 1 9,1,10,,5034,0,39 1 9,1,10,,5016,0,39 1 9,1,50,,5059,0,39 1 9,1,10,,5031,0,39 1 9,1,10,,5036,0,39 1 9,1,10,,5028,0,39 1 9,1,10,,5038,0,39 1 9,1,10,,5027,0,39 1 9,1,50,,5054,0,39 1 9,1,15,,5018,0,39 1 9,1,15,,5047,0,39 1 9,1,15,,5012,0,39 1 9,1,55,,2975,0,39 1 9,1,15,,5040,0,39 1 9,1,15,,2343,0,39 1 9,1,15,,1486,0,39 1 9,1,55,,5023,0,39 1 9,1,15,,5048,0,39 1 9,1,15,,3252,0,39 1 9,1,15,,5052,0,39 1 9,1,55,,5056,0,39 1 9,1,15,,821,0,39 1 9,1,15,,3528,0,39 1 9,1,15,,3490,0,39 1 9,1,55,,5030,0,39 1 9,1,15,,3362,0,39 1 9,1,15,,5025,0,39 1 9,1,15,,442,0,39 1 9,1,55,,5015,0,39 1 9,1,15,,2324,0,39 1 9,1,15,,5014,0,39 1 9,1,15,,5041,0,39 1 9,1,55,,5039,0,39 1 9,1,10,,200,0,39 1 9,1,10,,5042,0,39 1 9,1,10,,3051,0,39 1 9,1,10,,5024,0,39 1 9,1,10,,453,0,39 1 9,1,50,,5049,0,39 1 9,1,10,,5046,0,39 1 9,1,10,,5029,0,39 1 9,1,10,,5033,0,39 1 9,1,10,,5035,0,39 1 9,1,10,,1945,0,39 1 9,1,50,,5022,0,39 1 9,1,10,,5055,0,39 1 9,1,10,,630,0,39 1 9,1,10,,5045,0,39 1 9,1,10,,5011,0,39 1 9,1,10,,5019,0,39 1 9,1,50,,5017,0,39 1 9,1,10,,5013,0,39 1 9,1,10,,2665,0,39 1 9,1,10,,5037,0,39 1 9,1,10,,5044,0,39 1 9,1,10,,4647,0,39 1 9,1,60,,790,0,39 1 9,1,30,,2956,0,39 1 9,1,70,,4147,0,39 1 9,1,30,,5020,0,39 1 9,1,70,,5057,0,39 1 9,1,30,,3508,0,39 1 9,1,70,,5051,0,39 1 9,1,30,,1546,0,39 1 9,1,70,,2802,0,39 1 9,1,30,,3663,0,11 12,1
600,'1',810,,5624,,,1,103,,5615,,,1,100,,5619,,,1,100,,5621,,,1,100,,5622,,,1,100,,5616,,,1,100,,5623,,,1,100,,5617,,,1,100,,5618,,,1,100,,5620,,,1,100,,571,,,1,100,,1733,,,1
600,'2',708,,5631,,,1,105,,5629,,,1,100,,5635,,,1,100,,5632,,,1,100,,5628,,,1,100,,5630,,,1,100,,5633,,,1,100,,4230,,,1,100,,3569,,,1,100,,5634,,,1,100,,5627,,,1,100,,5626,,,1,100,,5625,,,1
600,'3',719,,439,,,1,25,,5636,,,1,65,,450,,,1,25,,3143,,,1,25,,5637,,,1,65,,5642,,,1,25,,5654,,,1,74,,5639,,,1,35,,1538,,,1,75,,1898,,,1,75,,5640,,,1,35,,2269,,,1,75,,5638,,,1,35,,5647,,,1,75,,5641,,,1,75,,3366,,,1,38,,5643,,,1,68,,5644,,,1,25,,1543,,,1,25,,5646,,,1,65,,5648,,,1,25,,5650,,,1,65,,5655,,,1,25,,5652,,,1,65,,5651,,,1,22,,5649,,,1,25,,5645,,,1,62,,4409,,,1,25,,1479,,,1,65,,5653,,,1
601,'1',833,,5664,0,5 6 1 7,1,100,,5665,0,5 6 1 7,1,100,,5657,0,5 6 1 7,1,100,,341,0,5 6 1 7,1,100,,5661,0,5 6 1 7,1,100,,5658,0,5 6 1 7,1,100,,5656,0,5 6 1 7,1,100,,5662,0,5 6 1 7,1,100,,5659,0,5 6 1 7,1,100,,5666,0,5 6 1 7,1,100,,5660,0,5 6 1 7,1,100,,5663,0,5 6 1 7,1
601,'2',733,,5667,0,5 6 1 7,1,100,,3571,0,5 6 1 7,1,100,,5675,0,5 6 1 7,1,100,,5668,0,5 6 1 7,1,100,,5676,0,5 6 1 7,1,100,,5672,0,5 6 1 7,1,100,,2751,0,5 6 1 7,1,100,,5670,0,5 6 1 7,1,100,,5673,0,5 6 1 7,1,100,,1692,0,5 6 1 7,1,100,,5674,0,5 6 1 7,1,100,,5669,0,5 6 1 7,1,100,,5671,0,5 6 1 7,1
601,'3',636,,493,0,5 6 1 7,1,65,,2218,0,5 6 1 7,1,25,,5695,0,5 6 1 7,1,25,,5688,0,5 6 1 7,1,65,,5683,0,5 6 1 7,1,25,,5680,0,5 6 1 7,1,65,,5692,0,5 6 1 7,1,33,,5690,0,5 6 1 7,1,75,,5691,0,5 6 1 7,1,35,,5679,0,5 6 1 7,1,75,,5681,0,5 6 1 7,1,35,,5693,0,5 6 1 7,1,75,,5689,0,5 6 1 7,1,75,,5677,0,5 6 1 7,1,35,,5696,0,5 6 1 7,1,75,,5682,0,5 6 1 7,1,35,,3637,0,5 6 1 7,1,69,,629,0,5 6 1 7,1,25,,5686,0,5 6 1 7,1,65,,4403,0,5 6 1 7,1,25,,5685,0,5 6 1 7,1,65,,5687,0,5 6 1 7,1,25,,2986,0,5 6 1 7,1,25,,5694,0,5 6 1 7,1,65,,3890,0,5 6 1 7,1,25,,3769,0,5 6 1 7,1,65,,1903,0,5 6 1 7,1,21,,4865,0,5 6 1 7,1,25,,5678,0,5 6 1 7,1,65,,5684,0,5 6 1 7,1
