2000,'1_merged_3768024',613,,3687,,,0,30,,3693,,,0,70,,3691,,,0,30,,3692,,,0,70,,3698,,,0,30,,3683,,,0,70,,3684,,,0,30,,3682,,,0,70,,3678,,,0,30,,3686,,,0,70,,3695,,,0,30,,3689,,,0,70,,3680,,,0,30,,3676,,,0,70,,3681,,,0,30,,3679,,,0,70,,3685,,,0,30,,3688,,,0,70,,3704,,,0,30,,3696,,,0,76,,3701,,,0,30,,3677,,,0,70,,3694,,,0,30,,3699,,,0,70,,3703,,,0,24,,3702,,,0,70,,3697,,,0,30,,3700,,,0,100,,3690,,,0
2000,'2_merged_3768026',743,,3715,,,0,100,,3707,,,0,100,,3712,,,0,100,,3709,,,0,100,,3713,,,0,100,,3706,,,0,100,,3710,,,0,100,,3717,,,0,100,,3705,,,0,100,,3716,,,0,100,,3708,,,0,100,,3714,,,0,100,,3711,,,0
2000,'3_merged_3768025',843,,3720,,,0,100,,3718,,,0,100,,3723,,,0,100,,3722,,,0,100,,3721,,,0,100,,3728,,,0,100,,3726,,,0,100,,3724,,,0,100,,3729,,,0,100,,3725,,,0,100,,3727,,,0,100,,3719,,,0
2000,'4',613,,3741,,,0,30,,3747,,,0,70,,3745,,,0,30,,3746,,,0,70,,3752,,,0,30,,3737,,,0,70,,3738,,,0,30,,3736,,,0,70,,3732,,,0,30,,3740,,,0,70,,3749,,,0,30,,3743,,,0,70,,3734,,,0,30,,3730,,,0,70,,3735,,,0,30,,3733,,,0,70,,3739,,,0,30,,3742,,,0,70,,3758,,,0,30,,3750,,,0,76,,3755,,,0,30,,3731,,,0,70,,3748,,,0,30,,3753,,,0,70,,3757,,,0,24,,3756,,,0,70,,3751,,,0,30,,3754,,,0,100,,3744,,,0
2000,'5',614,,3779,,,0,35,,3778,,,0,75,,3762,,,0,35,,3761,,,0,75,,3776,,,0,75,,3764,,,0,34,,3775,,,0,70,,3759,,,0,30,,3774,,,0,70,,3781,,,0,30,,3765,,,0,70,,3769,,,0,30,,3766,,,0,70,,3783,,,0,30,,3787,,,0,70,,3772,,,0,30,,3768,,,0,78,,3784,,,0,38,,3786,,,0,78,,3770,,,0,78,,3782,,,0,40,,3767,,,0,76,,3780,,,0,84,,3763,,,0,30,,3760,,,0,100,,3785,,,0,68,,3771,,,0,30,,3773,,,0,100,,3777,,,0
2601,'1_merged_3768024',1750,,3912,,,0
2601,'4',1750,,3913,,,0
2601,'5',1750,,3914,,,0
12001,'1_merged_3768024',639,,4455,0,37 1 38,0,70,,4459,0,37 1 38,0,30,,4458,0,37 1 38,0,70,,4460,0,37 1 38,0,30,,4456,0,37 1 38,0,70,,4461,0,37 1 38,0,600,,4454,0,37 1 38,0,30,,4464,0,37 1 38,0,65,,4465,0,37 1 38,0,30,,4457,0,37 1 38,0,75,,4466,0,37 1 38,0,25,,4462,0,37 1 38,0,75,,4463,0,37 1 38,0
12001,'4',639,,4468,0,37 1 38,0,70,,4472,0,37 1 38,0,30,,4471,0,37 1 38,0,70,,4473,0,37 1 38,0,30,,4469,0,37 1 38,0,70,,4474,0,37 1 38,0,600,,4467,0,37 1 38,0,30,,4477,0,37 1 38,0,65,,4478,0,37 1 38,0,30,,4470,0,37 1 38,0,75,,4479,0,37 1 38,0,25,,4475,0,37 1 38,0,75,,4476,0,37 1 38,0
12001,'5',639,,4483,0,37 1 38,0,70,,4491,0,37 1 38,0,30,,4481,0,37 1 38,0,70,,4488,0,37 1 38,0,30,,4492,0,37 1 38,0,70,,4489,0,37 1 38,0,600,,4490,0,37 1 38,0,30,,4484,0,37 1 38,0,65,,4485,0,37 1 38,0,30,,4487,0,37 1 38,0,75,,4480,0,37 1 38,0,25,,4486,0,37 1 38,0,75,,4482,0,37 1 38,0
