400,'1',842,,440,27,0,44 45 20,1,100,,434,27,0,44 45 20,1,100,,443,27,0,44 45 20,1,100,,439,27,0,44 45 20,1,100,,437,27,0,44 45 20,1,100,,442,27,0,44 45 20,1,100,,433,27,0,44 45 20,1,100,,438,27,0,44 45 20,1,100,,435,27,0,44 45 20,1,100,,444,27,0,44 45 20,1,100,,441,27,0,44 45 20,1,100,,436,27,0,44 45 20,1
400,'2',742,,454,27,0,44 45 20,1,100,,453,27,0,44 45 20,1,100,,451,27,0,44 45 20,1,100,,461,27,0,44 45 20,1,100,,460,27,0,44 45 20,1,100,,456,27,0,44 45 20,1,100,,449,27,0,44 45 20,1,100,,458,27,0,44 45 20,1,100,,457,27,0,44 45 20,1,100,,448,27,0,44 45 20,1,100,,452,27,0,44 45 20,1,100,,450,27,0,44 45 20,1,100,,459,27,0,44 45 20,1,100,,446,27,0,44 45 20,1,100,,455,27,0,44 45 20,1,100,,445,27,0,44 45 20,1
400,'3',644,,477,27,0,44 45 20,1,74,,466,27,0,44 45 20,1,27,,463,27,0,44 45 20,1,59,,465,27,0,44 45 20,1,31,,487,27,0,44 45 20,1,20,,462,27,0,44 45 20,1,64,,475,27,0,44 45 20,1,26,,467,27,0,44 45 20,1,65,,471,27,0,44 45 20,1,44,,493,27,0,44 45 20,1,67,,474,27,0,44 45 20,1,25,,472,27,0,44 45 20,1,81,,482,27,0,44 45 20,1,30,,470,27,0,44 45 20,1,65,,480,27,0,44 45 20,1,81,,479,27,0,44 45 20,1,30,,473,27,0,44 45 20,1,25,,468,27,0,44 45 20,1,86,,476,27,0,44 45 20,1,75,,483,27,0,44 45 20,1,23,,488,27,0,44 45 20,1,73,,484,27,0,44 45 20,1,20,,478,27,0,44 45 20,1,75,,481,27,0,44 45 20,1,21,,464,27,0,44 45 20,1,77,,494,27,0,44 45 20,1,19,,492,27,0,44 45 20,1,25,,485,27,0,44 45 20,1,64,,495,27,0,44 45 20,1,28,,486,27,0,44 45 20,1,103,,489,27,0,44 45 20,1,81,,491,27,0,44 45 20,1,99,,490,27,0,44 45 20,1,75,,469,27,0,44 45 20,1
1001,'3',641,,1149,3,,,1,70,,1151,3,,,1,30,,1145,3,,,1,70,,1148,3,,,1,30,,1155,3,,,1,70,,1153,3,,,1,30,,1154,3,,,1,475,,1156,3,,,1,30,,1157,3,,,1,70,,1146,3,,,1,30,,1158,3,,,1,70,,1147,3,,,1,30,,1152,3,,,1,70,,1150,3,,,1
1400,'1',840,,1372,3,,,1,100,,1378,3,,,1,100,,1365,3,,,1,100,,1376,3,,,1,100,,1377,3,,,1,100,,1368,3,,,1,100,,1371,3,,,1,100,,1373,3,,,1,100,,1379,3,,,1,100,,1381,3,,,1,100,,1367,3,,,1
1400,'2',740,,1386,3,,,1,100,,1384,3,,,1,100,,1405,3,,,1,100,,1390,3,,,1,100,,1397,3,,,1,100,,1394,3,,,1,100,,1406,3,,,1,100,,1382,3,,,1,100,,1402,3,,,1,100,,1388,3,,,1,100,,1385,3,,,1,100,,1393,3,,,1,100,,1387,3,,,1
1400,'3',626,,1413,3,,,1,30,,1431,3,,,1,70,,1422,3,,,1,30,,1436,3,,,1,70,,1430,3,,,1,85,,1433,3,,,1,99,,1439,3,,,1,100,,1423,3,,,1,100,,1437,3,,,1,100,,1441,3,,,1,100,,1421,3,,,1,101,,1444,3,,,1,106,,1428,3,,,1,30,,1426,3,,,1,70,,1411,3,,,1,30,,1424,3,,,1,70,,1443,3,,,1,24,,1442,3,,,1,99,,1432,3,,,1
1500,'1',841,,1548,3,,,1,100,,1544,3,,,1,100,,1541,3,,,1,100,,1543,3,,,1,100,,1538,3,,,1,100,,1546,3,,,1,100,,1542,3,,,1,100,,1549,3,,,1,100,,1545,3,,,1,100,,1539,3,,,1,100,,1547,3,,,1,100,,1540,3,,,1
1500,'2',741,,1556,3,,,1,100,,1554,3,,,1,100,,1558,3,,,1,100,,1561,3,,,1,100,,1551,3,,,1,100,,1555,3,,,1,100,,1560,3,,,1,100,,1557,3,,,1,100,,1562,3,,,1,100,,1559,3,,,1,100,,1552,3,,,1,100,,1553,3,,,1,100,,1550,3,,,1
1500,'3',611,,1564,3,,,1,35,,1566,3,,,1,75,,1563,3,,,1,32,,1579,3,,,1,78,,1581,3,,,1,75,,1570,3,,,1,32,,1583,3,,,1,72,,1584,3,,,1,32,,1580,3,,,1,72,,1576,3,,,1,32,,1573,3,,,1,72,,1565,3,,,1,32,,1574,3,,,1,69,,1571,3,,,1,35,,1587,3,,,1,66,,1586,3,,,1,38,,1575,3,,,1,73,,1569,3,,,1,75,,1572,3,,,1,35,,1568,3,,,1,75,,1567,3,,,1,85,,1582,3,,,1,30,,1578,3,,,1,75,,1577,3,,,1,105,,1585,3,,,1
1801,'1',811,,1702,3,,,1,100,,1698,3,,,1,100,,1695,3,,,1,100,,1696,3,,,1,100,,1697,3,,,1,100,,1703,3,,,1,100,,1701,3,,,1,100,,1705,3,,,1,100,,1706,3,,,1,100,,1699,3,,,1,100,,1704,3,,,1,100,,1700,3,,,1
1801,'2',711,,1719,3,,,1,100,,1712,3,,,1,100,,1715,3,,,1,100,,1717,3,,,1,100,,1707,3,,,1,100,,1714,3,,,1,100,,1709,3,,,1,100,,1710,3,,,1,100,,1711,3,,,1,100,,1713,3,,,1,100,,1708,3,,,1,100,,1716,3,,,1,100,,1718,3,,,1
1801,'3',611,,1731,3,,,1,30,,1736,3,,,1,70,,1740,3,,,1,30,,1742,3,,,1,70,,1743,3,,,1,30,,1747,3,,,1,70,,1735,3,,,1,30,,1738,3,,,1,70,,1737,3,,,1,30,,1745,3,,,1,70,,1724,3,,,1,30,,1729,3,,,1,70,,1730,3,,,1,30,,1739,3,,,1,70,,1725,3,,,1,30,,1726,3,,,1,70,,1720,3,,,1,30,,1733,3,,,1,70,,1746,3,,,1,30,,1721,3,,,1,76,,1741,3,,,1,30,,1722,3,,,1,70,,1728,3,,,1,30,,1727,3,,,1,70,,1744,3,,,1,24,,1723,3,,,1,70,,1732,3,,,1,100,,1734,3,,,1,100,,1748,3,,,1
2801,'1',841,,2049,3,,,1,100,,2046,3,,,1,100,,2058,3,,,1,100,,2053,3,,,1,100,,2054,3,,,1,100,,2050,3,,,1,100,,2055,3,,,1,100,,2047,3,,,1,100,,2048,3,,,1,100,,2056,3,,,1,100,,2057,3,,,1,100,,2051,3,,,1
2801,'2',641,,2064,3,,,1,100,,2067,3,,,1,100,,2069,3,,,1,100,,2072,3,,,1,100,,2068,3,,,1,100,,2065,3,,,1,100,,2062,3,,,1,100,,2059,3,,,1,100,,2061,3,,,1,100,,2063,3,,,1,100,,2070,3,,,1,100,,2066,3,,,1,100,,2060,3,,,1,100,,2071,3,,,1
2801,'3',611,,2100,3,,,1,30,,2079,3,,,1,70,,2102,3,,,1,30,,2090,3,,,1,70,,2075,3,,,1,30,,2088,3,,,1,70,,2087,3,,,1,30,,2084,3,,,1,70,,2098,3,,,1,30,,2085,3,,,1,70,,2077,3,,,1,30,,2099,3,,,1,70,,2076,3,,,1,30,,2089,3,,,1,70,,2073,3,,,1,30,,2092,3,,,1,70,,2081,3,,,1,30,,2080,3,,,1,70,,2095,3,,,1,30,,2086,3,,,1,76,,2074,3,,,1,30,,2093,3,,,1,70,,2101,3,,,1,30,,2078,3,,,1,70,,2096,3,,,1,24,,2083,3,,,1,70,,2094,3,,,1,30,,2097,3,,,1,100,,2091,3,,,1,100,,2082,3,,,1
1001400,'1',810,,2288,3,0,23 24 20,1,100,,2297,3,0,23 24 20,1,100,,2295,3,0,23 24 20,1,100,,2296,3,0,23 24 20,1,100,,2286,3,0,23 24 20,1,100,,2306,3,0,23 24 20,1,100,,2300,3,0,23 24 20,1,100,,2301,3,0,23 24 20,1,100,,2294,3,0,23 24 20,1,100,,2284,3,0,23 24 20,1,100,,2304,3,0,23 24 20,1,100,,2291,3,0,23 24 20,1
1001400,'2',710,,2339,3,0,23 24 20,1,100,,2309,3,0,23 24 20,1,100,,2338,3,0,23 24 20,1,100,,2331,3,0,23 24 20,1,100,,2317,3,0,23 24 20,1,100,,2335,3,0,23 24 20,1,100,,2328,3,0,23 24 20,1,100,,2319,3,0,23 24 20,1,100,,2334,3,0,23 24 20,1,100,,2314,3,0,23 24 20,1,100,,2322,3,0,23 24 20,1,100,,2315,3,0,23 24 20,1,100,,2326,3,0,23 24 20,1,100,,2310,3,0,23 24 20,1,100,,2337,3,0,23 24 20,1,100,,2325,3,0,23 24 20,1,130,,2336,3,0,25 3 26,1
1001400,'3',606,,2366,3,0,23 24 20,1,35,,2342,3,0,23 24 20,1,70,,2375,3,0,23 24 20,1,30,,2363,3,0,23 24 20,1,70,,2380,3,0,23 24 20,1,30,,2350,3,0,23 24 20,1,100,,2364,3,0,23 24 20,1,99,,2341,3,0,23 24 20,1,100,,2344,3,0,23 24 20,1,100,,2361,3,0,23 24 20,1,100,,2384,3,0,23 24 20,1,100,,2351,3,0,23 24 20,1,101,,2345,3,0,23 24 20,1,91,,2356,3,0,23 24 20,1,70,,2372,3,0,23 24 20,1,30,,2369,3,0,23 24 20,1,70,,2357,3,0,23 24 20,1,30,,2370,3,0,23 24 20,1,78,,2377,3,0,23 24 20,1,100,,2367,3,0,23 24 20,1,100,,2348,3,0,23 24 20,1,100,,2362,3,0,23 24 20,1,130,,2349,3,0,25 3 26,1
