400,'1',648,,827,0,44 45 20,0,74,,832,0,44 45 20,0,27,,830,0,44 45 20,0,59,,853,0,44 45 20,0,31,,849,0,44 45 20,0,20,,839,0,44 45 20,0,64,,846,0,44 45 20,0,26,,844,0,44 45 20,0,65,,841,0,44 45 20,0,44,,858,0,44 45 20,0,67,,848,0,44 45 20,0,25,,826,0,44 45 20,0,81,,854,0,44 45 20,0,70,,845,0,44 45 20,0,25,,828,0,44 45 20,0,81,,843,0,44 45 20,0,30,,856,0,44 45 20,0,65,,850,0,44 45 20,0,47,,829,0,44 45 20,0,75,,825,0,44 45 20,0,23,,840,0,44 45 20,0,73,,855,0,44 45 20,0,20,,852,0,44 45 20,0,75,,833,0,44 45 20,0,21,,831,0,44 45 20,0,77,,834,0,44 45 20,0,19,,851,0,44 45 20,0,24,,847,0,44 45 20,0,64,,838,0,44 45 20,0,28,,836,0,44 45 20,0,103,,842,0,44 45 20,0,81,,857,0,44 45 20,0,99,,837,0,44 45 20,0,75,,835,0,44 45 20,0
400,'2',746,,872,0,44 45 20,0,100,,871,0,44 45 20,0,100,,869,0,44 45 20,0,100,,862,0,44 45 20,0,100,,861,0,44 45 20,0,100,,874,0,44 45 20,0,100,,867,0,44 45 20,0,100,,859,0,44 45 20,0,100,,875,0,44 45 20,0,100,,866,0,44 45 20,0,100,,870,0,44 45 20,0,100,,868,0,44 45 20,0,100,,860,0,44 45 20,0,100,,864,0,44 45 20,0,100,,873,0,44 45 20,0,100,,863,0,44 45 20,0
400,'3',846,,883,0,44 45 20,0,100,,877,0,44 45 20,0,100,,887,0,44 45 20,0,100,,882,0,44 45 20,0,100,,880,0,44 45 20,0,100,,885,0,44 45 20,0,100,,876,0,44 45 20,0,100,,881,0,44 45 20,0,100,,878,0,44 45 20,0,100,,886,0,44 45 20,0,100,,884,0,44 45 20,0,100,,879,0,44 45 20,0
400,'4',648,,890,0,44 45 20,0,74,,895,0,44 45 20,0,27,,893,0,44 45 20,0,59,,916,0,44 45 20,0,31,,912,0,44 45 20,0,20,,902,0,44 45 20,0,64,,909,0,44 45 20,0,26,,907,0,44 45 20,0,65,,904,0,44 45 20,0,44,,921,0,44 45 20,0,67,,911,0,44 45 20,0,25,,889,0,44 45 20,0,81,,917,0,44 45 20,0,70,,908,0,44 45 20,0,25,,891,0,44 45 20,0,81,,906,0,44 45 20,0,30,,919,0,44 45 20,0,65,,913,0,44 45 20,0,47,,892,0,44 45 20,0,75,,888,0,44 45 20,0,23,,903,0,44 45 20,0,73,,918,0,44 45 20,0,20,,915,0,44 45 20,0,75,,896,0,44 45 20,0,21,,894,0,44 45 20,0,77,,897,0,44 45 20,0,19,,914,0,44 45 20,0,24,,910,0,44 45 20,0,64,,901,0,44 45 20,0,28,,899,0,44 45 20,0,103,,905,0,44 45 20,0,81,,920,0,44 45 20,0,99,,900,0,44 45 20,0,75,,898,0,44 45 20,0
400,'5',648,,938,0,44 45 20,0,74,,945,0,44 45 20,0,27,,934,0,44 45 20,0,59,,947,0,44 45 20,0,31,,944,0,44 45 20,0,20,,952,0,44 45 20,0,64,,942,0,44 45 20,0,26,,927,0,44 45 20,0,65,,936,0,44 45 20,0,44,,929,0,44 45 20,0,67,,950,0,44 45 20,0,25,,946,0,44 45 20,0,81,,935,0,44 45 20,0,70,,948,0,44 45 20,0,25,,949,0,44 45 20,0,81,,924,0,44 45 20,0,30,,951,0,44 45 20,0,65,,931,0,44 45 20,0,47,,933,0,44 45 20,0,75,,928,0,44 45 20,0,23,,939,0,44 45 20,0,73,,941,0,44 45 20,0,20,,953,0,44 45 20,0,75,,923,0,44 45 20,0,21,,937,0,44 45 20,0,77,,930,0,44 45 20,0,19,,926,0,44 45 20,0,24,,932,0,44 45 20,0,64,,955,0,44 45 20,0,28,,954,0,44 45 20,0,103,,940,0,44 45 20,0,81,,922,0,44 45 20,0,99,,943,0,44 45 20,0,75,,925,0,44 45 20,0
2801,'1',616,,4049,,,0,30,,4039,,,0,70,,4047,,,0,30,,4040,,,0,70,,4042,,,0,30,,4057,,,0,70,,4034,,,0,30,,4054,,,0,70,,4051,,,0,30,,4035,,,0,70,,4046,,,0,30,,4053,,,0,70,,4045,,,0,30,,4048,,,0,70,,4041,,,0,30,,4043,,,0,70,,4032,,,0,30,,4055,,,0,70,,4061,,,0,30,,4052,,,0,76,,4059,,,0,30,,4060,,,0,70,,4038,,,0,30,,4058,,,0,70,,4044,,,0,24,,4037,,,0,70,,4050,,,0,30,,4056,,,0,100,,4036,,,0,100,,4033,,,0
2801,'2',646,,4069,,,0,100,,4072,,,0,100,,4074,,,0,100,,4063,,,0,100,,4073,,,0,100,,4070,,,0,100,,4067,,,0,100,,4064,,,0,100,,4066,,,0,100,,4068,,,0,100,,4075,,,0,100,,4071,,,0,100,,4065,,,0,100,,4062,,,0
2801,'3',846,,4081,,,0,100,,4078,,,0,100,,4077,,,0,100,,4085,,,0,100,,4086,,,0,100,,4082,,,0,100,,4087,,,0,100,,4079,,,0,100,,4080,,,0,100,,4088,,,0,100,,4076,,,0,100,,4083,,,0
2801,'4',616,,4107,,,0,30,,4097,,,0,70,,4105,,,0,30,,4098,,,0,70,,4100,,,0,30,,4114,,,0,70,,4092,,,0,30,,4112,,,0,70,,4109,,,0,30,,4093,,,0,70,,4104,,,0,30,,4111,,,0,70,,4103,,,0,30,,4106,,,0,70,,4099,,,0,30,,4101,,,0,70,,4089,,,0,30,,4113,,,0,70,,4118,,,0,30,,4110,,,0,76,,4116,,,0,30,,4117,,,0,70,,4096,,,0,30,,4115,,,0,70,,4102,,,0,24,,4094,,,0,70,,4108,,,0,30,,4091,,,0,100,,4095,,,0,100,,4090,,,0
2801,'5',616,,4134,,,0,30,,4140,,,0,70,,4119,,,0,30,,4129,,,0,70,,4139,,,0,30,,4141,,,0,70,,4136,,,0,30,,4126,,,0,70,,4146,,,0,30,,4120,,,0,70,,4125,,,0,30,,4143,,,0,70,,4148,,,0,30,,4147,,,0,70,,4137,,,0,30,,4144,,,0,70,,4121,,,0,30,,4128,,,0,70,,4122,,,0,30,,4135,,,0,76,,4124,,,0,30,,4142,,,0,70,,4133,,,0,30,,4132,,,0,70,,4130,,,0,24,,4127,,,0,70,,4131,,,0,30,,4123,,,0,100,,4138,,,0,100,,4145,,,0
