401,'1',623,,419,20,0,18 19 20,0,25,,1053,20,0,18 19 20,0,62,,2263,20,0,18 19 20,0,25,,2806,20,0,18 19 20,0,23,,779,20,0,18 19 20,0,65,,2802,20,0,18 19 20,0,25,,1621,20,0,18 19 20,0,65,,2811,20,0,18 19 20,0,44,,2251,20,0,18 19 20,0,67,,1170,20,0,18 19 20,0,25,,1498,20,0,18 19 20,0,81,,2808,20,0,18 19 20,0,70,,1568,20,0,18 19 20,0,25,,2810,20,0,18 19 20,0,81,,224,20,0,18 19 20,0,30,,1180,20,0,18 19 20,0,65,,321,20,0,18 19 20,0,41,,315,20,0,18 19 20,0,73,,2803,20,0,18 19 20,0,23,,1356,20,0,18 19 20,0,73,,473,20,0,18 19 20,0,18,,2809,20,0,18 19 20,0,74,,952,20,0,18 19 20,0,24,,2807,20,0,18 19 20,0,76,,192,20,0,18 19 20,0,20,,1265,20,0,18 19 20,0,30,,2804,20,0,18 19 20,0,64,,108,20,0,18 19 20,0,30,,756,20,0,18 19 20,0,103,,2453,20,0,18 19 20,0,80,,479,20,0,18 19 20,0,100,,2801,20,0,18 19 20,0,75,,2805,20,0,18 19 20,0,35,,2800,20,0,18 19 20,0
401,'2',751,,2819,20,0,18 19 20,0,100,,2822,20,0,18 19 20,0,100,,2812,20,0,18 19 20,0,100,,2817,20,0,18 19 20,0,100,,2815,20,0,18 19 20,0,100,,514,20,0,18 19 20,0,100,,2818,20,0,18 19 20,0,100,,2821,20,0,18 19 20,0,100,,1601,20,0,18 19 20,0,100,,2820,20,0,18 19 20,0,100,,2813,20,0,18 19 20,0,100,,2816,20,0,18 19 20,0,100,,522,20,0,18 19 20,0,100,,2823,20,0,18 19 20,0,100,,2824,20,0,18 19 20,0,100,,2814,20,0,18 19 20,0
401,'3',851,,2826,20,0,18 19 20,0,100,,2829,20,0,18 19 20,0,100,,2832,20,0,18 19 20,0,100,,574,20,0,18 19 20,0,100,,2395,20,0,18 19 20,0,100,,2404,20,0,18 19 20,0,100,,2830,20,0,18 19 20,0,100,,2827,20,0,18 19 20,0,100,,1360,20,0,18 19 20,0,100,,2825,20,0,18 19 20,0,100,,2831,20,0,18 19 20,0,99,,2828,20,0,21 20,0
1000,'1',734,,3171,19,,,0,70,,937,19,,,0,30,,3173,19,,,0,70,,3169,19,,,0,30,,678,19,,,0,70,,1187,19,,,0,30,,3170,19,,,0,472,,1740,29,,,0,30,,3172,29,,,0,70,,3168,29,,,0,30,,3174,29,,,0,70,,2343,29,,,0,30,,394,29,,,0,70,,3167,29,,,0
1401,'1',642,,2375,28,,,0,73,,2223,28,,,0,30,,1069,28,,,0,70,,3345,28,,,0,30,,3350,28,,,0,70,,1127,28,,,0,30,,1694,28,,,0,91,,960,28,,,0,100,,3347,28,,,0,100,,2458,28,,,0,100,,3353,28,,,0,100,,3354,28,,,0,100,,3344,28,,,0,112,,3349,28,,,0,100,,2486,28,,,0,70,,940,28,,,0,30,,3358,28,,,0,70,,1838,28,,,0,30,,404,28,,,0,88,,545,28,,,0
1401,'2',737,,3377,28,,,0,100,,3367,28,,,0,100,,3359,28,,,0,100,,3373,28,,,0,100,,3371,28,,,0,100,,3362,28,,,0,100,,3378,28,,,0,100,,3376,28,,,0,100,,3370,28,,,0,100,,3372,28,,,0,100,,1835,28,,,0,100,,3366,28,,,0,100,,3375,28,,,0,100,,3361,28,,,0
1401,'3',837,,3393,28,,,0,100,,3394,28,,,0,100,,820,28,,,0,100,,3382,28,,,0,100,,3387,28,,,0,100,,3385,28,,,0,100,,3396,28,,,0,100,,585,28,,,0,100,,1366,28,,,0,100,,3379,28,,,0,100,,3388,28,,,0,100,,3383,28,,,0
1501,'1',636,,3430,38,,,0,77,,1630,38,,,0,35,,1437,38,,,0,75,,552,38,,,0,32,,2040,38,,,0,78,,3431,38,,,0,72,,780,38,,,0,30,,1781,38,,,0,72,,2270,38,,,0,32,,2481,38,,,0,72,,2074,38,,,0,32,,1191,38,,,0,72,,1854,38,,,0,32,,2207,38,,,0,69,,3428,38,,,0,35,,2449,38,,,0,72,,432,38,,,0,32,,1421,38,,,0,79,,200,38,,,0,75,,204,38,,,0,35,,1623,38,,,0,75,,3429,38,,,0,85,,1136,38,,,0,32,,410,38,,,0,70,,3432,38,,,0,102,,770,38,,,0
1501,'2',736,,3441,38,,,0,100,,3438,38,,,0,100,,3443,38,,,0,100,,3436,38,,,0,100,,3437,38,,,0,100,,3434,38,,,0,100,,3440,38,,,0,100,,3444,38,,,0,100,,3439,38,,,0,100,,3442,38,,,0,100,,881,38,,,0,100,,851,38,,,0,100,,3435,38,,,0,100,,3433,38,,,0
1501,'3',836,,3450,38,,,0,100,,3449,38,,,0,100,,3451,38,,,0,100,,3447,38,,,0,100,,3452,38,,,0,100,,3446,38,,,0,100,,3445,38,,,0,100,,3453,38,,,0,100,,13,38,,,0,100,,1641,38,,,0,100,,3448,38,,,0,100,,146,38,,,0
1800,'1',636,,3457,25,,,0,70,,70,25,,,0,30,,3470,25,,,0,70,,2213,25,,,0,30,,3456,25,,,0,70,,3466,25,,,0,30,,1006,25,,,0,70,,685,25,,,0,30,,3464,25,,,0,70,,723,25,,,0,30,,3454,25,,,0,70,,2122,25,,,0,30,,3465,25,,,0,70,,924,25,,,0,30,,90,25,,,0,70,,3460,25,,,0,30,,3459,25,,,0,70,,1105,25,,,0,30,,3461,25,,,0,70,,3455,25,,,0,30,,1509,25,,,0,70,,3468,25,,,0,30,,3467,25,,,0,70,,109,25,,,0,30,,3458,25,,,0,70,,3469,25,,,0,30,,3463,25,,,0,70,,3462,25,,,0,30,,1260,25,,,0,100,,403,25,,,0
1800,'2',736,,3471,25,,,0,100,,3472,25,,,0,100,,3477,25,,,0,100,,3480,25,,,0,100,,3475,25,,,0,100,,3478,25,,,0,100,,3473,25,,,0,100,,3482,25,,,0,100,,3483,25,,,0,100,,3476,25,,,0,100,,3474,25,,,0,100,,3479,25,,,0,100,,3481,25,,,0
1800,'3',836,,3492,25,,,0,100,,3491,25,,,0,100,,3490,25,,,0,100,,3488,25,,,0,100,,3493,25,,,0,100,,3489,25,,,0,100,,3484,25,,,0,100,,19,25,,,0,100,,3485,25,,,0,100,,1642,25,,,0,100,,3487,25,,,0,100,,3486,25,,,0
2800,'1',636,,2476,38,,,0,70,,430,38,,,0,30,,2020,38,,,0,70,,2474,38,,,0,30,,3655,38,,,0,70,,3664,38,,,0,30,,531,38,,,0,70,,3663,38,,,0,30,,3665,38,,,0,70,,1626,38,,,0,30,,3656,38,,,0,70,,3654,38,,,0,30,,3658,38,,,0,70,,1741,38,,,0,30,,3666,38,,,0,70,,3669,38,,,0,30,,3659,38,,,0,70,,3657,38,,,0,30,,3661,38,,,0,70,,3662,38,,,0,30,,752,38,,,0,70,,718,38,,,0,30,,3653,38,,,0,70,,3667,38,,,0,30,,2247,38,,,0,70,,2021,38,,,0,30,,3660,38,,,0,70,,3651,38,,,0,100,,3652,38,,,0,131,,3668,38,,,0
2800,'2',706,,3679,35,,,0,100,,3678,38,,,0,100,,3676,38,,,0,100,,885,38,,,0,100,,3682,38,,,0,100,,3680,38,,,0,100,,3673,38,,,0,100,,3674,38,,,0,100,,3670,38,,,0,100,,3675,38,,,0,100,,3671,38,,,0,100,,3672,38,,,0,100,,3681,38,,,0,100,,3677,38,,,0
2800,'3',806,,3683,35,,,0,100,,3684,38,,,0,100,,3687,38,,,0,100,,3685,38,,,0,100,,3690,38,,,0,100,,3692,38,,,0,100,,3693,38,,,0,100,,1816,38,,,0,100,,502,38,,,0,100,,3688,38,,,0,100,,3691,38,,,0,100,,3689,38,,,0,100,,3686,38,,,0
8301,'1',1509,,2240,25,,,0
1001401,'1',607,,3898,13,0,23 21 20,0,52,,3920,28,0,23 21 20,0,73,,1189,28,0,23 21 20,0,70,,1586,28,0,23 21 20,0,30,,3912,28,0,23 21 20,0,70,,2461,28,0,23 21 20,0,28,,3900,28,0,23 21 20,0,74,,721,28,0,23 21 20,0,100,,681,28,0,23 21 20,0,100,,3908,28,0,23 21 20,0,100,,2267,28,0,23 21 20,0,100,,3902,28,0,23 21 20,0,100,,3899,28,0,23 21 20,0,113,,3919,28,0,23 21 20,0,100,,1801,28,0,23 21 20,0,85,,462,28,0,23 21 20,0,30,,476,28,0,23 21 20,0,70,,1925,28,0,23 21 20,0,30,,469,28,0,23 21 20,0,72,,3901,28,0,23 21 20,0,100,,3913,28,0,23 21 20,0,100,,3914,28,0,23 21 20,0,100,,3918,28,0,23 21 20,0,99,,3905,28,0,23 21 20,0
1001401,'2',707,,310,13,0,23 21 20,0,100,,1774,28,0,23 21 20,0,100,,3936,28,0,23 21 20,0,100,,3946,28,0,23 21 20,0,100,,3925,28,0,23 21 20,0,100,,3934,28,0,23 21 20,0,100,,3944,28,0,23 21 20,0,100,,3922,28,0,23 21 20,0,100,,3942,28,0,23 21 20,0,100,,3945,28,0,23 21 20,0,100,,3927,28,0,23 21 20,0,100,,2144,28,0,23 21 20,0,100,,3921,28,0,23 21 20,0,100,,3923,28,0,23 21 20,0,100,,2437,28,0,23 21 20,0,100,,3931,28,0,23 21 20,0,100,,3926,28,0,23 21 20,0,52,,3937,28,0,23 21 20,0
1001401,'3',807,,2051,13,0,23 21 20,0,100,,3959,28,0,23 21 20,0,100,,792,28,0,23 21 20,0,100,,3947,28,0,23 21 20,0,100,,3961,28,0,23 21 20,0,100,,3956,28,0,23 21 20,0,100,,599,28,0,23 21 20,0,100,,3949,28,0,23 21 20,0,100,,3951,28,0,23 21 20,0,100,,3952,28,0,23 21 20,0,100,,3948,28,0,23 21 20,0,100,,2056,28,0,23 21 20,0,100,,3958,28,0,23 21 20,0
