1400,'1',854,,3341,16,,,1,100,,2642,16,,,1,100,,4769,16,,,1,100,,4766,16,,,1,100,,4773,16,,,1,100,,4765,16,,,1,100,,3288,16,,,1,100,,1756,16,,,1,100,,4772,16,,,1,100,,4768,16,,,1,100,,4770,16,,,1
1400,'2',754,,4784,16,,,1,100,,4783,16,,,1,100,,4798,16,,,1,100,,4788,16,,,1,100,,4791,16,,,1,100,,4790,16,,,1,100,,4799,16,,,1,100,,4781,16,,,1,100,,4796,16,,,1,100,,4786,16,,,1,100,,3922,16,,,1,100,,2895,16,,,1,100,,4785,16,,,1
1400,'3',642,,1421,16,,,1,70,,2363,16,,,1,30,,2173,16,,,1,70,,3910,16,,,1,30,,4808,16,,,1,85,,2498,16,,,1,98,,2579,16,,,1,100,,1105,16,,,1,100,,116,16,,,1,100,,1289,16,,,1,100,,4812,16,,,1,104,,4802,16,,,1,106,,4813,16,,,1,70,,1213,16,,,1,30,,2106,16,,,1,70,,4809,16,,,1,30,,4801,16,,,1,24,,3780,16,,,1,96,,4804,16,,,1
1401,'1',826,,4825,18,,,1,100,,4826,18,,,1,100,,2828,18,,,1,100,,4816,18,,,1,100,,4820,18,,,1,100,,4818,18,,,1,100,,4827,18,,,1,100,,4821,18,,,1,100,,4814,18,,,1,100,,3379,18,,,1,100,,4822,18,,,1,100,,2757,18,,,1
1401,'2',726,,190,18,,,1,100,,4838,18,,,1,100,,4831,18,,,1,100,,4842,18,,,1,100,,3045,18,,,1,100,,3633,18,,,1,100,,2638,18,,,1,100,,2924,18,,,1,100,,48,18,,,1,100,,4841,18,,,1,100,,4840,18,,,1,100,,4837,18,,,1,100,,4845,18,,,1,100,,4833,18,,,1
1401,'3',632,,4864,18,,,1,73,,4847,18,,,1,30,,3779,18,,,1,70,,4849,18,,,1,30,,782,18,,,1,70,,3541,18,,,1,30,,4848,18,,,1,91,,4851,18,,,1,100,,4853,18,,,1,100,,3407,18,,,1,100,,4860,18,,,1,100,,3261,18,,,1,100,,4857,18,,,1,112,,4863,18,,,1,100,,1535,18,,,1,70,,4859,18,,,1,30,,1811,18,,,1,70,,4850,18,,,1,30,,4867,18,,,1,88,,3462,18,,,1
1001400,'1',824,,5293,16,0,23 24 20,1,100,,5296,16,0,23 24 20,1,100,,5288,16,0,23 24 20,1,100,,5286,16,0,23 24 20,1,100,,3893,16,0,23 24 20,1,100,,5285,16,0,23 24 20,1,100,,5287,16,0,23 24 20,1,100,,5298,16,0,23 24 20,1,100,,1370,16,0,23 24 20,1,100,,5292,16,0,23 24 20,1,100,,5291,16,0,23 24 20,1,100,,3894,16,0,23 24 20,1
1001400,'2',724,,5324,16,0,23 24 20,1,100,,2616,16,0,23 24 20,1,100,,524,16,0,23 24 20,1,100,,3511,16,0,23 24 20,1,100,,2783,16,0,23 24 20,1,100,,5321,16,0,23 24 20,1,100,,5318,16,0,23 24 20,1,100,,2819,16,0,23 24 20,1,100,,5320,16,0,23 24 20,1,100,,5311,16,0,23 24 20,1,100,,3415,16,0,23 24 20,1,100,,5309,16,0,23 24 20,1,100,,5316,16,0,23 24 20,1,100,,5305,16,0,23 24 20,1,100,,5323,16,0,23 24 20,1,100,,5315,16,0,23 24 20,1,130,,5322,16,0,25 3 26,1
1001400,'3',622,,2374,16,0,23 24 20,1,35,,254,16,0,23 24 20,1,70,,5327,16,0,23 24 20,1,30,,5338,16,0,23 24 20,1,70,,3174,16,0,23 24 20,1,30,,693,16,0,23 24 20,1,100,,5342,16,0,23 24 20,1,98,,5336,16,0,23 24 20,1,100,,5326,16,0,23 24 20,1,100,,5341,16,0,23 24 20,1,100,,5345,16,0,23 24 20,1,100,,5346,16,0,23 24 20,1,104,,2243,16,0,23 24 20,1,91,,5334,16,0,23 24 20,1,70,,2505,16,0,23 24 20,1,30,,5340,16,0,23 24 20,1,70,,2162,16,0,23 24 20,1,30,,5325,16,0,23 24 20,1,75,,3654,16,0,23 24 20,1,100,,1905,16,0,23 24 20,1,100,,2999,16,0,23 24 20,1,100,,747,16,0,23 24 20,1,129,,3823,16,0,25 3 26,1
1001401,'1',756,,3086,3,0,23 21 20,1,100,,3339,18,0,23 21 20,1,100,,792,18,0,23 21 20,1,100,,3947,18,0,23 21 20,1,100,,5362,18,0,23 21 20,1,100,,5355,18,0,23 21 20,1,100,,5361,18,0,23 21 20,1,100,,5348,18,0,23 21 20,1,100,,5351,18,0,23 21 20,1,100,,5349,18,0,23 21 20,1,100,,3948,18,0,23 21 20,1,100,,5360,18,0,23 21 20,1,100,,5358,18,0,23 21 20,1
1001401,'2',656,,5387,3,0,23 21 20,1,100,,5388,18,0,23 21 20,1,100,,1833,18,0,23 21 20,1,100,,2925,18,0,23 21 20,1,100,,5368,18,0,23 21 20,1,100,,3473,18,0,23 21 20,1,100,,5386,18,0,23 21 20,1,100,,1384,18,0,23 21 20,1,100,,5384,18,0,23 21 20,1,100,,5380,18,0,23 21 20,1,100,,2737,18,0,23 21 20,1,100,,5383,18,0,23 21 20,1,100,,5365,18,0,23 21 20,1,100,,1236,18,0,23 21 20,1,100,,5382,18,0,23 21 20,1,100,,5373,18,0,23 21 20,1,100,,5369,18,0,23 21 20,1,95,,5375,18,0,23 21 20,1
1001401,'3',556,,2715,3,0,23 21 20,1,93,,2986,18,0,23 21 20,1,73,,5389,18,0,23 21 20,1,30,,124,18,0,23 21 20,1,70,,2109,18,0,23 21 20,1,30,,708,18,0,23 21 20,1,68,,1420,18,0,23 21 20,1,34,,5391,18,0,23 21 20,1,100,,1047,18,0,23 21 20,1,100,,5407,18,0,23 21 20,1,100,,5401,18,0,23 21 20,1,100,,5409,18,0,23 21 20,1,100,,2102,18,0,23 21 20,1,153,,2343,18,0,23 21 20,1,100,,58,18,0,23 21 20,1,45,,2597,18,0,23 21 20,1,70,,5394,18,0,23 21 20,1,30,,5395,18,0,23 21 20,1,70,,5399,18,0,23 21 20,1,32,,1962,18,0,23 21 20,1,100,,5396,18,0,23 21 20,1,100,,2575,18,0,23 21 20,1,100,,5405,18,0,23 21 20,1,99,,5393,18,0,23 21 20,1
