600,'1_merged_3768024',725,,2038,,,0,25,,2036,,,0,65,,2039,,,0,25,,2014,,,0,65,,2019,,,0,25,,2031,,,0,25,,2012,,,0,74,,2033,,,0,75,,2032,,,0,35,,2013,,,0,75,,2040,,,0,35,,2018,,,0,75,,2021,,,0,35,,2034,,,0,75,,2020,,,0,75,,2030,,,0,39,,2027,,,0,68,,2025,,,0,25,,2023,,,0,65,,2035,,,0,25,,2017,,,0,25,,2024,,,0,65,,2028,,,0,25,,2016,,,0,65,,2011,,,0,21,,2015,,,0,25,,2022,,,0,62,,2029,,,0,25,,2037,,,0,65,,2026,,,0
600,'2_merged_3768026',714,,2052,,,0,105,,2050,,,0,100,,2043,,,0,100,,2053,,,0,100,,2049,,,0,100,,2051,,,0,100,,2041,,,0,100,,2047,,,0,100,,2045,,,0,100,,2042,,,0,100,,2048,,,0,100,,2046,,,0,100,,2044,,,0
600,'3_merged_3768025',816,,2054,,,0,103,,2055,,,0,100,,2061,,,0,100,,2063,,,0,100,,2064,,,0,100,,2058,,,0,100,,2065,,,0,100,,2060,,,0,100,,2059,,,0,100,,2062,,,0,100,,2057,,,0,100,,2056,,,0
600,'4',725,,2093,,,0,25,,2091,,,0,65,,2094,,,0,25,,2069,,,0,65,,2074,,,0,25,,2086,,,0,25,,2067,,,0,74,,2088,,,0,75,,2087,,,0,35,,2068,,,0,75,,2095,,,0,35,,2073,,,0,75,,2076,,,0,35,,2089,,,0,75,,2075,,,0,75,,2085,,,0,39,,2082,,,0,68,,2080,,,0,25,,2078,,,0,65,,2090,,,0,25,,2072,,,0,25,,2079,,,0,65,,2083,,,0,25,,2071,,,0,65,,2066,,,0,21,,2070,,,0,25,,2077,,,0,62,,2084,,,0,25,,2092,,,0,65,,2081,,,0
600,'5',725,,2122,,,0,25,,2112,,,0,65,,2109,,,0,25,,2106,,,0,65,,2117,,,0,25,,2108,,,0,25,,2105,,,0,74,,2119,,,0,75,,2096,,,0,35,,2121,,,0,75,,2099,,,0,35,,2118,,,0,75,,2103,,,0,35,,2104,,,0,75,,2098,,,0,75,,2114,,,0,39,,2102,,,0,68,,2111,,,0,25,,2125,,,0,65,,2110,,,0,25,,2100,,,0,25,,2124,,,0,65,,2097,,,0,25,,2116,,,0,65,,2123,,,0,21,,2107,,,0,25,,2113,,,0,62,,2115,,,0,25,,2101,,,0,65,,2120,,,0
1301,'1_merged_3768024',613,,2578,,,0,40,,2594,,,0,80,,2600,,,0,80,,2595,,,0,40,,2584,,,0,80,,2580,,,0,80,,2581,,,0,40,,2579,,,0,80,,2591,,,0,80,,2601,,,0,40,,2592,,,0,80,,2598,,,0,80,,2589,,,0,40,,2577,,,0,80,,2593,,,0,80,,2585,,,0,40,,2603,,,0,80,,2597,,,0,80,,2587,,,0,40,,2586,,,0,80,,2596,,,0,80,,2582,,,0,40,,2588,,,0,80,,2599,,,0,80,,2602,,,0,40,,2590,,,0,80,,2583,,,0
1301,'2_merged_3768026',654,,2619,,,0,100,,2607,,,0,100,,2605,,,0,100,,2604,,,0,100,,2609,,,0,100,,2615,,,0,100,,2610,,,0,100,,2608,,,0,100,,2614,,,0,100,,2617,,,0,100,,2613,,,0,100,,2618,,,0,100,,2612,,,0,100,,2606,,,0,100,,2611,,,0,100,,2616,,,0
1301,'3_merged_3768025',754,,2620,,,0,100,,2626,,,0,100,,2623,,,0,100,,2629,,,0,100,,2624,,,0,100,,2622,,,0,100,,2621,,,0,100,,2630,,,0,100,,2631,,,0,100,,2625,,,0,100,,2627,,,0,100,,2628,,,0
1301,'4',613,,2633,,,0,40,,2649,,,0,80,,2655,,,0,80,,2650,,,0,40,,2639,,,0,80,,2635,,,0,80,,2636,,,0,40,,2634,,,0,80,,2646,,,0,80,,2656,,,0,40,,2647,,,0,80,,2653,,,0,80,,2644,,,0,40,,2632,,,0,80,,2648,,,0,80,,2640,,,0,40,,2658,,,0,80,,2652,,,0,80,,2642,,,0,40,,2641,,,0,80,,2651,,,0,80,,2637,,,0,40,,2643,,,0,80,,2654,,,0,80,,2657,,,0,40,,2645,,,0,80,,2638,,,0
1301,'5',615,,2684,,,0,35,,2665,,,0,70,,2685,,,0,25,,2690,,,0,70,,2680,,,0,33,,2664,,,0,70,,2659,,,0,30,,2674,,,0,65,,2660,,,0,25,,2694,,,0,65,,2668,,,0,25,,2681,,,0,25,,2671,,,0,65,,2678,,,0,25,,2677,,,0,65,,2695,,,0,25,,2663,,,0,25,,2687,,,0,67,,2667,,,0,25,,2697,,,0,70,,2683,,,0,30,,2672,,,0,55,,2682,,,0,25,,2662,,,0,70,,2676,,,0,30,,2693,,,0,70,,2696,,,0,30,,2691,,,0,28,,2679,,,0,66,,2669,,,0,26,,2675,,,0,66,,2661,,,0,26,,2666,,,0,66,,2688,,,0,26,,2673,,,0,66,,2689,,,0,26,,2692,,,0,26,,2686,,,0,66,,2670,,,0
7100,'5',1455,,4391,0,42 28 43,0
