401,'1_merged_3768024',619,,970,0,18 19 20,0,25,,988,0,18 19 20,0,62,,971,0,18 19 20,0,26,,960,0,18 19 20,0,20,,974,0,18 19 20,0,67,,959,0,18 19 20,0,25,,977,0,18 19 20,0,65,,976,0,18 19 20,0,44,,966,0,18 19 20,0,67,,981,0,18 19 20,0,25,,965,0,18 19 20,0,81,,969,0,18 19 20,0,30,,962,0,18 19 20,0,65,,984,0,18 19 20,0,81,,985,0,18 19 20,0,30,,963,0,18 19 20,0,25,,987,0,18 19 20,0,81,,986,0,18 19 20,0,72,,983,0,18 19 20,0,23,,964,0,18 19 20,0,73,,972,0,18 19 20,0,18,,968,0,18 19 20,0,34,,967,0,18 19 20,0,64,,979,0,18 19 20,0,36,,961,0,18 19 20,0,60,,975,0,18 19 20,0,30,,978,0,18 19 20,0,64,,958,0,18 19 20,0,31,,956,0,18 19 20,0,103,,957,0,18 19 20,0,77,,982,0,18 19 20,0,103,,973,0,18 19 20,0,75,,989,0,18 19 20,0,35,,980,0,18 19 20,0
401,'2_merged_3768026',747,,1002,0,18 19 20,0,100,,1005,0,18 19 20,0,100,,993,0,18 19 20,0,100,,1000,0,18 19 20,0,100,,997,0,18 19 20,0,100,,998,0,18 19 20,0,100,,1001,0,18 19 20,0,100,,1004,0,18 19 20,0,100,,995,0,18 19 20,0,100,,1003,0,18 19 20,0,100,,994,0,18 19 20,0,100,,999,0,18 19 20,0,100,,992,0,18 19 20,0,100,,990,0,18 19 20,0,100,,991,0,18 19 20,0,100,,996,0,18 19 20,0
401,'3_merged_3768025',847,,1007,0,18 19 20,0,100,,1014,0,18 19 20,0,100,,1016,0,18 19 20,0,100,,1011,0,18 19 20,0,100,,1013,0,18 19 20,0,100,,1008,0,18 19 20,0,100,,1015,0,18 19 20,0,100,,1018,0,18 19 20,0,100,,1009,0,18 19 20,0,100,,1010,0,18 19 20,0,100,,1006,0,18 19 20,0,100,,1012,0,21 20,0
401,'4',619,,1033,0,18 19 20,0,25,,1051,0,18 19 20,0,62,,1034,0,18 19 20,0,26,,1023,0,18 19 20,0,20,,1037,0,18 19 20,0,67,,1022,0,18 19 20,0,25,,1040,0,18 19 20,0,65,,1039,0,18 19 20,0,44,,1029,0,18 19 20,0,67,,1044,0,18 19 20,0,25,,1028,0,18 19 20,0,81,,1032,0,18 19 20,0,30,,1025,0,18 19 20,0,65,,1047,0,18 19 20,0,81,,1048,0,18 19 20,0,30,,1026,0,18 19 20,0,25,,1050,0,18 19 20,0,81,,1049,0,18 19 20,0,72,,1046,0,18 19 20,0,23,,1027,0,18 19 20,0,73,,1035,0,18 19 20,0,18,,1031,0,18 19 20,0,34,,1030,0,18 19 20,0,64,,1042,0,18 19 20,0,36,,1024,0,18 19 20,0,60,,1038,0,18 19 20,0,30,,1041,0,18 19 20,0,64,,1021,0,18 19 20,0,31,,1019,0,18 19 20,0,103,,1020,0,18 19 20,0,77,,1045,0,18 19 20,0,103,,1036,0,18 19 20,0,75,,1052,0,18 19 20,0,35,,1043,0,18 19 20,0
401,'5',619,,1068,0,18 19 20,0,25,,1061,0,18 19 20,0,62,,1070,0,18 19 20,0,26,,1056,0,18 19 20,0,20,,1054,0,18 19 20,0,67,,1059,0,18 19 20,0,25,,1073,0,18 19 20,0,65,,1083,0,18 19 20,0,44,,1077,0,18 19 20,0,67,,1080,0,18 19 20,0,25,,1071,0,18 19 20,0,81,,1069,0,18 19 20,0,30,,1086,0,18 19 20,0,65,,1067,0,18 19 20,0,81,,1085,0,18 19 20,0,30,,1063,0,18 19 20,0,25,,1066,0,18 19 20,0,81,,1084,0,18 19 20,0,72,,1065,0,18 19 20,0,23,,1074,0,18 19 20,0,73,,1079,0,18 19 20,0,18,,1075,0,18 19 20,0,34,,1053,0,18 19 20,0,64,,1081,0,18 19 20,0,36,,1057,0,18 19 20,0,60,,1058,0,18 19 20,0,30,,1078,0,18 19 20,0,64,,1060,0,18 19 20,0,31,,1062,0,18 19 20,0,103,,1082,0,18 19 20,0,77,,1076,0,18 19 20,0,103,,1055,0,18 19 20,0,75,,1072,0,18 19 20,0,35,,1064,0,18 19 20,0
2800,'1_merged_3768024',633,,3940,,,0,70,,3936,,,0,30,,3943,,,0,70,,3919,,,0,30,,3925,,,0,70,,3920,,,0,30,,3941,,,0,70,,3935,,,0,30,,3927,,,0,70,,3921,,,0,30,,3944,,,0,70,,3934,,,0,30,,3916,,,0,70,,3924,,,0,30,,3931,,,0,70,,3923,,,0,30,,3938,,,0,70,,3932,,,0,30,,3928,,,0,70,,3933,,,0,30,,3917,,,0,70,,3930,,,0,30,,3922,,,0,70,,3929,,,0,30,,3926,,,0,70,,3918,,,0,30,,3939,,,0,70,,3937,,,0,100,,3942,,,0,132,,3915,,,0
2800,'2_merged_3768026',703,,3958,,,0,100,,3956,,,0,100,,3954,,,0,100,,3957,,,0,100,,3947,,,0,100,,3945,,,0,100,,3951,,,0,100,,3952,,,0,100,,3948,,,0,100,,3953,,,0,100,,3949,,,0,100,,3950,,,0,100,,3946,,,0,100,,3955,,,0
2800,'3_merged_3768025',803,,3962,,,0,100,,3961,,,0,100,,3966,,,0,100,,3971,,,0,100,,3963,,,0,100,,3959,,,0,100,,3960,,,0,100,,3965,,,0,100,,3970,,,0,100,,3967,,,0,100,,3964,,,0,100,,3968,,,0,100,,3969,,,0
2800,'4',633,,3997,,,0,70,,3993,,,0,30,,4000,,,0,70,,3976,,,0,30,,3982,,,0,70,,3977,,,0,30,,3998,,,0,70,,3992,,,0,30,,3984,,,0,70,,3978,,,0,30,,4001,,,0,70,,3991,,,0,30,,3973,,,0,70,,3981,,,0,30,,3988,,,0,70,,3980,,,0,30,,3995,,,0,70,,3989,,,0,30,,3985,,,0,70,,3990,,,0,30,,3974,,,0,70,,3987,,,0,30,,3979,,,0,70,,3986,,,0,30,,3983,,,0,70,,3975,,,0,30,,3996,,,0,70,,3994,,,0,100,,3999,,,0,132,,3972,,,0
2800,'5',633,,4029,,,0,70,,4017,,,0,30,,4019,,,0,70,,4023,,,0,30,,4030,,,0,70,,4028,,,0,30,,4011,,,0,70,,4027,,,0,30,,4022,,,0,70,,4024,,,0,30,,4015,,,0,70,,4012,,,0,30,,4009,,,0,70,,4031,,,0,30,,4020,,,0,70,,4013,,,0,30,,4021,,,0,70,,4002,,,0,30,,4018,,,0,70,,4010,,,0,30,,4025,,,0,70,,4007,,,0,30,,4003,,,0,70,,4008,,,0,30,,4005,,,0,70,,4026,,,0,30,,4014,,,0,70,,4004,,,0,100,,4016,,,0,132,,4006,,,0
