500,'1',758,,5295,0,8 7 1 9,1,66,,5282,0,8 7 1 9,1,29,,5287,0,8 7 1 9,1,70,,5286,0,8 7 1 9,1,30,,5274,0,8 7 1 9,1,70,,5301,0,8 7 1 9,1,30,,5293,0,8 7 1 9,1,70,,5266,0,8 7 1 9,1,30,,5288,0,8 7 1 9,1,70,,734,0,8 7 1 9,1,30,,5272,0,8 7 1 9,1,70,,5279,0,8 7 1 9,1,30,,5292,0,8 7 1 9,1,70,,5278,0,8 7 1 9,1,30,,4580,0,8 7 1 9,1,70,,5267,0,8 7 1 9,1,30,,5306,0,8 7 1 9,1,70,,5273,0,8 7 1 9,1,30,,5271,0,8 7 1 9,1,70,,5300,0,8 7 1 9,1,30,,5275,0,8 7 1 9,1,70,,2621,0,8 7 1 9,1,30,,5289,0,8 7 1 9,1,70,,5296,0,8 7 1 9,1,30,,5302,0,10,1,70,,5270,0,8 11 12,1
500,'2',658,,5331,0,8 7 1 9,1,66,,3831,0,8 7 1 9,1,29,,5332,0,8 7 1 9,1,70,,5334,0,8 7 1 9,1,30,,5326,0,8 7 1 9,1,70,,5328,0,8 7 1 9,1,30,,3196,0,8 7 1 9,1,70,,5314,0,8 7 1 9,1,30,,5339,0,8 7 1 9,1,70,,5347,0,8 7 1 9,1,30,,5344,0,8 7 1 9,1,70,,5341,0,8 7 1 9,1,30,,322,0,8 7 1 9,1,70,,5342,0,8 7 1 9,1,30,,5345,0,8 7 1 9,1,70,,3832,0,8 7 1 9,1,30,,5349,0,8 7 1 9,1,70,,5354,0,8 7 1 9,1,30,,5325,0,8 7 1 9,1,70,,5333,0,8 7 1 9,1,30,,5355,0,8 7 1 9,1,70,,5352,0,8 7 1 9,1,30,,5318,0,8 7 1 9,1,70,,5356,0,8 7 1 9,1,30,,5346,0,8 7 1 9,1,70,,5315,0,8 7 1 9,1,30,,5360,0,8 7 1 9,1,70,,5312,0,8 7 1 9,1,30,,732,0,8 7 1 9,1,70,,5363,0,8 7 1 9,1,30,,5329,0,8 7 1 9,1,100,,5317,0,10,1,100,,5338,0,8 11 12,1
500,'3',553,,5422,0,8 7 1 9,1,61,,3665,0,8 7 1 9,1,15,,4650,0,8 7 1 9,1,19,,5432,0,8 7 1 9,1,11,,5372,0,8 7 1 9,1,55,,5429,0,8 7 1 9,1,15,,5420,0,8 7 1 9,1,15,,3778,0,8 7 1 9,1,12,,5387,0,8 7 1 9,1,56,,5369,0,8 7 1 9,1,19,,5378,0,8 7 1 9,1,15,,5435,0,8 7 1 9,1,13,,3526,0,8 7 1 9,1,55,,4414,0,8 7 1 9,1,15,,3523,0,8 7 1 9,1,15,,2381,0,8 7 1 9,1,14,,4283,0,8 7 1 9,1,60,,5381,0,8 7 1 9,1,20,,5404,0,8 7 1 9,1,17,,5383,0,8 7 1 9,1,60,,4176,0,8 7 1 9,1,20,,1436,0,8 7 1 9,1,21,,5426,0,8 7 1 9,1,59,,5411,0,8 7 1 9,1,20,,5398,0,8 7 1 9,1,20,,4293,0,8 7 1 9,1,60,,3358,0,8 7 1 9,1,20,,5413,0,8 7 1 9,1,20,,5403,0,8 7 1 9,1,60,,5407,0,8 7 1 9,1,20,,5395,0,8 7 1 9,1,20,,3506,0,8 7 1 9,1,55,,5389,0,8 7 1 9,1,20,,5415,0,8 7 1 9,1,26,,199,0,8 7 1 9,1,58,,4129,0,8 7 1 9,1,12,,5437,0,8 7 1 9,1,18,,5397,0,8 7 1 9,1,15,,5400,0,8 7 1 9,1,55,,4484,0,8 7 1 9,1,12,,5425,0,8 7 1 9,1,18,,5421,0,8 7 1 9,1,15,,4399,0,8 7 1 9,1,55,,5414,0,8 7 1 9,1,15,,1909,0,8 7 1 9,1,15,,5424,0,8 7 1 9,1,15,,2103,0,8 7 1 9,1,55,,5399,0,8 7 1 9,1,15,,5438,0,8 7 1 9,1,15,,5412,0,8 7 1 9,1,12,,5402,0,8 7 1 9,1,67,,3495,0,8 7 1 9,1,27,,1484,0,8 7 1 9,1,74,,5390,0,8 7 1 9,1,32,,5385,0,8 7 1 9,1,64,,1483,0,8 7 1 9,1,30,,5394,0,10,1,70,,1921,0,8 11 12,1,27,,3785,0,8 11 12,1
501,'1',758,,4336,4,,1,66,,5456,4,,1,29,,5454,4,,1,70,,5447,4,,1,30,,5477,4,,1,70,,5442,4,,1,30,,5475,4,,1,70,,4583,4,,1,30,,5478,4,,1,70,,5452,4,,1,30,,5462,4,,1,70,,5450,4,,1,30,,5481,4,,1,70,,5444,4,,1,30,,5473,4,,1,70,,5479,4,,1,30,,5455,4,,1,70,,5471,4,,1,30,,4769,4,,1,70,,5480,4,,1,30,,5459,4,,1,70,,5461,4,,1,30,,5483,4,,1,70,,5466,4,,1,30,,5469,4,,1,70,,5440,4,,1
501,'2',658,,5491,4,,1,66,,5489,4,,1,29,,5511,4,,1,70,,4570,4,,1,30,,5530,4,,1,70,,5518,4,,1,30,,62,4,,1,70,,871,4,,1,30,,5531,4,,1,70,,5509,4,,1,30,,5510,4,,1,70,,5525,4,,1,30,,5534,4,,1,70,,2160,4,,1,30,,5494,4,,1,70,,5492,4,,1,30,,5533,4,,1,70,,5529,4,,1,30,,5497,4,,1,70,,5506,4,,1,30,,5521,4,,1,70,,5536,4,,1,30,,5498,4,,1,70,,5520,4,,1,30,,5484,4,,1,70,,5503,4,,1,30,,5532,4,,1,70,,1727,4,,1,30,,5499,4,,1,70,,1678,4,,1,30,,5487,4,,1,100,,5500,4,,1,100,,5488,4,,1
501,'3',614,,5565,4,,1,15,,5566,4,,1,19,,5591,4,,1,11,,5549,4,,1,55,,5550,4,,1,15,,1062,4,,1,15,,4651,4,,1,12,,5607,4,,1,56,,5606,4,,1,19,,5572,4,,1,15,,4445,4,,1,13,,2970,4,,1,55,,2317,4,,1,15,,5577,4,,1,15,,639,4,,1,14,,5547,4,,1,60,,5539,4,,1,20,,5598,4,,1,17,,2546,4,,1,60,,5571,4,,1,20,,2240,4,,1,21,,5558,4,,1,59,,4203,4,,1,20,,5580,4,,1,20,,786,4,,1,60,,2444,4,,1,20,,5542,4,,1,20,,5541,4,,1,60,,426,4,,1,20,,5564,4,,1,20,,5614,4,,1,55,,1924,4,,1,20,,5551,4,,1,26,,5561,4,,1,58,,5608,4,,1,12,,5576,4,,1,18,,5611,4,,1,15,,3762,4,,1,55,,5543,4,,1,12,,5546,4,,1,18,,2281,4,,1,15,,5588,4,,1,55,,1459,4,,1,15,,5583,4,,1,15,,5600,4,,1,15,,1504,4,,1,55,,5554,4,,1,15,,4446,4,,1,15,,5597,4,,1,12,,5595,4,,1,67,,5592,4,,1,27,,5573,4,,1,74,,3133,4,,1,31,,5544,4,,1,65,,5538,4,,1,30,,5578,4,,1,70,,5609,4,,1,27,,5557,4,,1
601,'1',850,,5664,0,5 6 1 7,1,100,,5665,0,5 6 1 7,1,100,,5657,0,5 6 1 7,1,100,,341,0,5 6 1 7,1,100,,5661,0,5 6 1 7,1,100,,5658,0,5 6 1 7,1,100,,5656,0,5 6 1 7,1,100,,5662,0,5 6 1 7,1,100,,5659,0,5 6 1 7,1,100,,5666,0,5 6 1 7,1,100,,5660,0,5 6 1 7,1,100,,5663,0,5 6 1 7,1
601,'2',750,,5667,0,5 6 1 7,1,100,,3571,0,5 6 1 7,1,100,,5675,0,5 6 1 7,1,100,,5668,0,5 6 1 7,1,100,,5676,0,5 6 1 7,1,100,,5672,0,5 6 1 7,1,100,,2751,0,5 6 1 7,1,100,,5670,0,5 6 1 7,1,100,,5673,0,5 6 1 7,1,100,,1692,0,5 6 1 7,1,100,,5674,0,5 6 1 7,1,100,,5669,0,5 6 1 7,1,100,,5671,0,5 6 1 7,1
601,'3',656,,493,0,5 6 1 7,1,65,,2218,0,5 6 1 7,1,25,,5695,0,5 6 1 7,1,65,,5688,0,5 6 1 7,1,25,,5683,0,5 6 1 7,1,65,,5680,0,5 6 1 7,1,25,,5692,0,5 6 1 7,1,74,,5690,0,5 6 1 7,1,35,,5691,0,5 6 1 7,1,75,,5679,0,5 6 1 7,1,35,,5681,0,5 6 1 7,1,75,,5693,0,5 6 1 7,1,35,,5689,0,5 6 1 7,1,75,,5677,0,5 6 1 7,1,75,,5696,0,5 6 1 7,1,35,,5682,0,5 6 1 7,1,75,,3637,0,5 6 1 7,1,28,,629,0,5 6 1 7,1,65,,5686,0,5 6 1 7,1,25,,4403,0,5 6 1 7,1,25,,5685,0,5 6 1 7,1,65,,5687,0,5 6 1 7,1,25,,2986,0,5 6 1 7,1,65,,5694,0,5 6 1 7,1,25,,3890,0,5 6 1 7,1,65,,3769,0,5 6 1 7,1,25,,1903,0,5 6 1 7,1,22,,4865,0,5 6 1 7,1,65,,5678,0,5 6 1 7,1,25,,5684,0,5 6 1 7,1
1200,'3',654,,5742,4,,1,70,,5735,4,,1,30,,5737,4,,1,70,,5740,4,,1,30,,4169,4,,1,70,,5733,4,,1,630,,5741,4,,1,70,,5734,4,,1,30,,248,4,,1,70,,2957,4,,1,30,,5736,4,,1,70,,5738,4,,1,30,,5743,4,,1,70,,5739,4,,1
1201,'3',655,,5744,,,1,70,,5747,,,1,30,,5750,,,1,70,,5746,,,1,30,,5749,,,1,70,,243,,,1,630,,180,,,1,70,,926,,,1,30,,5748,,,1,70,,176,,,1,30,,5745,,,1,70,,5751,,,1,30,,1471,,,1,70,,4832,,,1
12000,'3',700,,2675,,,1,30,,6520,,,1,70,,6522,,,1,30,,3502,,,1,70,,6525,,,1,30,,6526,,,1,100,,3139,,,1,500,,6521,,,1,70,,6523,,,1,25,,6528,,,1,30,,1944,,,1,75,,3765,,,1,25,,6527,,,1,75,,6524,,,1
12001,'3',700,,3245,4,,1,30,,2991,4,,1,70,,2347,4,,1,30,,6533,4,,1,70,,6535,4,,1,30,,6529,4,,1,100,,4119,4,,1,500,,4840,4,,1,70,,6530,4,,1,25,,2972,4,,1,30,,6532,4,,1,75,,6534,4,,1,25,,2572,4,,1,75,,6531,4,,1
