300,'1_merged_3768024',607,,540,,,0,37,,525,,,0,60,,511,,,0,26,,503,,,0,22,,524,,,0,66,,527,,,0,23,,516,,,0,65,,536,,,0,23,,529,,,0,20,,531,,,0,65,,535,,,0,23,,534,,,0,20,,513,,,0,65,,517,,,0,23,,518,,,0,60,,507,,,0,25,,539,,,0,23,,526,,,0,60,,508,,,0,25,,515,,,0,63,,504,,,0,20,,520,,,0,25,,502,,,0,63,,510,,,0,20,,530,,,0,27,,537,,,0,63,,509,,,0,25,,514,,,0,70,,501,,,0,22,,523,,,0,16,,512,,,0,70,,519,,,0,27,,533,,,0,64,,505,,,0,29,,522,,,0,12,,521,,,0,63,,506,,,0,29,,528,,,0,103,,538,,,0,108,,532,,,0
300,'2_merged_3768026',716,,561,,,0,30,,549,,,0,70,,551,,,0,30,,544,,,0,70,,547,,,0,30,,545,,,0,70,,557,,,0,30,,560,,,0,70,,546,,,0,30,,567,,,0,70,,555,,,0,30,,541,,,0,70,,565,,,0,30,,550,,,0,70,,556,,,0,30,,543,,,0,70,,564,,,0,30,,563,,,0,70,,558,,,0,30,,559,,,0,70,,554,,,0,30,,570,,,0,70,,542,,,0,30,,568,,,0,70,,566,,,0,30,,553,,,0,70,,548,,,0,100,,569,,,0,100,,552,,,0,109,,562,,,0
300,'3_merged_3768025',816,,580,,,0,100,,581,,,0,100,,573,,,0,100,,575,,,0,100,,582,,,0,100,,571,,,0,100,,578,,,0,100,,576,,,0,100,,577,,,0,100,,574,,,0,100,,572,,,0,100,,579,,,0
300,'4',607,,622,,,0,37,,607,,,0,60,,593,,,0,26,,585,,,0,22,,606,,,0,66,,609,,,0,23,,598,,,0,65,,618,,,0,23,,611,,,0,20,,613,,,0,65,,617,,,0,23,,616,,,0,20,,595,,,0,65,,599,,,0,23,,600,,,0,60,,589,,,0,25,,621,,,0,23,,608,,,0,60,,590,,,0,25,,597,,,0,63,,586,,,0,20,,602,,,0,25,,584,,,0,63,,592,,,0,20,,612,,,0,27,,619,,,0,63,,591,,,0,25,,596,,,0,70,,583,,,0,22,,605,,,0,16,,594,,,0,70,,601,,,0,27,,615,,,0,64,,587,,,0,29,,604,,,0,12,,603,,,0,63,,588,,,0,29,,610,,,0,103,,620,,,0,108,,614,,,0
300,'5',607,,624,,,0,37,,637,,,0,60,,647,,,0,26,,650,,,0,22,,659,,,0,66,,623,,,0,23,,626,,,0,65,,658,,,0,23,,643,,,0,20,,629,,,0,65,,644,,,0,23,,635,,,0,20,,627,,,0,65,,646,,,0,23,,639,,,0,60,,654,,,0,25,,652,,,0,23,,648,,,0,60,,630,,,0,25,,636,,,0,63,,628,,,0,20,,655,,,0,25,,642,,,0,63,,651,,,0,20,,634,,,0,27,,625,,,0,63,,632,,,0,25,,660,,,0,70,,633,,,0,22,,661,,,0,16,,640,,,0,70,,649,,,0,27,,656,,,0,64,,641,,,0,29,,657,,,0,12,,645,,,0,63,,653,,,0,29,,638,,,0,103,,662,,,0,108,,631,,,0
401,'1_merged_3768024',607,,970,0,18 19 20,0,25,,988,0,18 19 20,0,22,,971,0,18 19 20,0,66,,960,0,18 19 20,0,20,,974,0,18 19 20,0,67,,959,0,18 19 20,0,25,,977,0,18 19 20,0,25,,976,0,18 19 20,0,84,,966,0,18 19 20,0,67,,981,0,18 19 20,0,25,,965,0,18 19 20,0,81,,969,0,18 19 20,0,30,,962,0,18 19 20,0,65,,984,0,18 19 20,0,41,,985,0,18 19 20,0,70,,963,0,18 19 20,0,25,,987,0,18 19 20,0,81,,986,0,18 19 20,0,32,,983,0,18 19 20,0,63,,964,0,18 19 20,0,33,,972,0,18 19 20,0,58,,968,0,18 19 20,0,34,,967,0,18 19 20,0,64,,979,0,18 19 20,0,36,,961,0,18 19 20,0,60,,975,0,18 19 20,0,30,,978,0,18 19 20,0,64,,958,0,18 19 20,0,31,,956,0,18 19 20,0,103,,957,0,18 19 20,0,77,,982,0,18 19 20,0,103,,973,0,18 19 20,0,35,,989,0,18 19 20,0,75,,980,0,18 19 20,0
401,'2_merged_3768026',736,,1002,0,18 19 20,0,100,,1005,0,18 19 20,0,100,,993,0,18 19 20,0,100,,1000,0,18 19 20,0,100,,997,0,18 19 20,0,100,,998,0,18 19 20,0,100,,1001,0,18 19 20,0,100,,1004,0,18 19 20,0,100,,995,0,18 19 20,0,100,,1003,0,18 19 20,0,100,,994,0,18 19 20,0,100,,999,0,18 19 20,0,100,,992,0,18 19 20,0,100,,990,0,18 19 20,0,100,,991,0,18 19 20,0,100,,996,0,18 19 20,0
401,'3_merged_3768025',836,,1007,0,18 19 20,0,100,,1014,0,18 19 20,0,100,,1016,0,18 19 20,0,100,,1011,0,18 19 20,0,100,,1013,0,18 19 20,0,100,,1008,0,18 19 20,0,100,,1015,0,18 19 20,0,100,,1018,0,18 19 20,0,100,,1009,0,18 19 20,0,100,,1010,0,18 19 20,0,100,,1006,0,18 19 20,0,100,,1012,0,21 20,0
401,'4',607,,1033,0,18 19 20,0,25,,1051,0,18 19 20,0,22,,1034,0,18 19 20,0,66,,1023,0,18 19 20,0,20,,1037,0,18 19 20,0,67,,1022,0,18 19 20,0,25,,1040,0,18 19 20,0,25,,1039,0,18 19 20,0,84,,1029,0,18 19 20,0,67,,1044,0,18 19 20,0,25,,1028,0,18 19 20,0,81,,1032,0,18 19 20,0,30,,1025,0,18 19 20,0,65,,1047,0,18 19 20,0,41,,1048,0,18 19 20,0,70,,1026,0,18 19 20,0,25,,1050,0,18 19 20,0,81,,1049,0,18 19 20,0,32,,1046,0,18 19 20,0,63,,1027,0,18 19 20,0,33,,1035,0,18 19 20,0,58,,1031,0,18 19 20,0,34,,1030,0,18 19 20,0,64,,1042,0,18 19 20,0,36,,1024,0,18 19 20,0,60,,1038,0,18 19 20,0,30,,1041,0,18 19 20,0,64,,1021,0,18 19 20,0,31,,1019,0,18 19 20,0,103,,1020,0,18 19 20,0,77,,1045,0,18 19 20,0,103,,1036,0,18 19 20,0,35,,1052,0,18 19 20,0,75,,1043,0,18 19 20,0
401,'5',607,,1068,0,18 19 20,0,25,,1061,0,18 19 20,0,22,,1070,0,18 19 20,0,66,,1056,0,18 19 20,0,20,,1054,0,18 19 20,0,67,,1059,0,18 19 20,0,25,,1073,0,18 19 20,0,25,,1083,0,18 19 20,0,84,,1077,0,18 19 20,0,67,,1080,0,18 19 20,0,25,,1071,0,18 19 20,0,81,,1069,0,18 19 20,0,30,,1086,0,18 19 20,0,65,,1067,0,18 19 20,0,41,,1085,0,18 19 20,0,70,,1063,0,18 19 20,0,25,,1066,0,18 19 20,0,81,,1084,0,18 19 20,0,32,,1065,0,18 19 20,0,63,,1074,0,18 19 20,0,33,,1079,0,18 19 20,0,58,,1075,0,18 19 20,0,34,,1053,0,18 19 20,0,64,,1081,0,18 19 20,0,36,,1057,0,18 19 20,0,60,,1058,0,18 19 20,0,30,,1078,0,18 19 20,0,64,,1060,0,18 19 20,0,31,,1062,0,18 19 20,0,103,,1082,0,18 19 20,0,77,,1076,0,18 19 20,0,103,,1055,0,18 19 20,0,35,,1072,0,18 19 20,0,75,,1064,0,18 19 20,0
1001,'1_merged_3768024',655,,2284,,,0,70,,2283,,,0,30,,2288,,,0,70,,2294,,,0,30,,2291,,,0,70,,2285,,,0,30,,2295,,,0
1001,'4',655,,2298,,,0,70,,2297,,,0,30,,2302,,,0,70,,2308,,,0,30,,2305,,,0,70,,2299,,,0,30,,2309,,,0
1001,'5',655,,2314,,,0,70,,2311,,,0,30,,2323,,,0,70,,2318,,,0,30,,2320,,,0,70,,2324,,,0,30,,2312,,,0
