300,'1',815,,5066,,,1,100,,5067,,,1,100,,5060,,,1,100,,5062,,,1,100,,5068,,,1,100,,5069,,,1,100,,5064,,,1,100,,5063,,,1,100,,5065,,,1,100,,5061,,,1,100,,5070,,,1,100,,1749,,,1
300,'2',715,,5085,,,1,30,,5075,,,1,70,,5077,,,1,30,,5092,,,1,70,,5073,,,1,30,,5071,,,1,70,,5081,,,1,30,,5084,,,1,70,,5072,,,1,30,,83,,,1,70,,2046,,,1,30,,5091,,,1,70,,5088,,,1,30,,5076,,,1,70,,5080,,,1,30,,1263,,,1,70,,71,,,1,30,,5087,,,1,70,,5082,,,1,30,,5083,,,1,70,,5079,,,1,30,,5090,,,1,70,,4753,,,1,30,,1253,,,1,70,,5089,,,1,30,,5078,,,1,70,,5074,,,1,100,,4328,,,1,100,,4317,,,1,109,,5086,,,1
300,'3',606,,4200,,,1,37,,5101,,,1,60,,5095,,,1,26,,4675,,,1,22,,5113,,,1,66,,5105,,,1,23,,5110,,,1,65,,5117,,,1,23,,5093,,,1,20,,5120,,,1,65,,5094,,,1,23,,1443,,,1,20,,5122,,,1,65,,5111,,,1,23,,1923,,,1,60,,1445,,,1,25,,2809,,,1,23,,5099,,,1,60,,5098,,,1,25,,5115,,,1,63,,1532,,,1,20,,5118,,,1,25,,5121,,,1,63,,2097,,,1,20,,5119,,,1,26,,5096,,,1,63,,5100,,,1,25,,5108,,,1,70,,5104,,,1,22,,5116,,,1,16,,5097,,,1,70,,5107,,,1,27,,5112,,,1,64,,2006,,,1,29,,5109,,,1,13,,5106,,,1,63,,5114,,,1,29,,3365,,,1,103,,5102,,,1,108,,5103,,,1
301,'1',845,,5133,,,1,100,,5132,,,1,100,,5128,,,1,100,,5129,,,1,100,,5124,,,1,100,,5130,,,1,100,,5126,,,1,100,,5125,,,1,100,,5131,,,1,100,,3719,,,1,100,,5127,,,1,100,,5123,,,1
301,'2',715,,5152,,,1,30,,5142,,,1,70,,5149,,,1,30,,5141,,,1,70,,5137,,,1,30,,5156,,,1,70,,5157,,,1,30,,5135,,,1,70,,2608,,,1,30,,5147,,,1,70,,5148,,,1,30,,5134,,,1,70,,5151,,,1,30,,5146,,,1,70,,5139,,,1,30,,5136,,,1,70,,5145,,,1,30,,5144,,,1,70,,5155,,,1,30,,5138,,,1,70,,5150,,,1,30,,5143,,,1,70,,5159,,,1,30,,1730,,,1,70,,5158,,,1,30,,5153,,,1,100,,5154,,,1,100,,1724,,,1,100,,4241,,,1,102,,5140,,,1
301,'3',607,,5172,,,1,20,,5165,,,1,24,,4026,,,1,64,,2004,,,1,26,,1078,,,1,63,,5174,,,1,22,,188,,,1,26,,5166,,,1,63,,5170,,,1,25,,5160,,,1,63,,4678,,,1,20,,2274,,,1,25,,5169,,,1,63,,5161,,,1,20,,5163,,,1,25,,5179,,,1,63,,5168,,,1,20,,4641,,,1,65,,5173,,,1,23,,4275,,,1,20,,5177,,,1,65,,5175,,,1,23,,4824,,,1,20,,4870,,,1,65,,5171,,,1,23,,5176,,,1,65,,244,,,1,25,,5178,,,1,23,,796,,,1,60,,2010,,,1,30,,5167,,,1,67,,3156,,,1,20,,247,,,1,26,,2385,,,1,63,,4412,,,1,23,,2807,,,1,69,,5162,,,1,103,,5180,,,1,108,,2000,,,1,108,,5164,,,1
401,'1',835,,5235,0,18 19 20,1,100,,5230,0,18 19 20,1,100,,5232,0,18 19 20,1,100,,1279,0,18 19 20,1,100,,5229,0,18 19 20,1,100,,5236,0,18 19 20,1,100,,5231,0,18 19 20,1,100,,1778,0,18 19 20,1,100,,5237,0,18 19 20,1,100,,5227,0,18 19 20,1,100,,5234,0,18 19 20,1,100,,5228,0,21 20,1
401,'2',735,,5245,0,18 19 20,1,100,,1259,0,18 19 20,1,100,,5238,0,18 19 20,1,100,,5244,0,18 19 20,1,100,,5241,0,18 19 20,1,100,,5242,0,18 19 20,1,100,,3096,0,18 19 20,1,100,,1723,0,18 19 20,1,100,,707,0,18 19 20,1,100,,4573,0,18 19 20,1,100,,5239,0,18 19 20,1,100,,5243,0,18 19 20,1,100,,5247,0,18 19 20,1,100,,5246,0,18 19 20,1,100,,4754,0,18 19 20,1,100,,5240,0,18 19 20,1
401,'3',606,,489,0,18 19 20,1,25,,5260,0,18 19 20,1,22,,5249,0,18 19 20,1,66,,5258,0,18 19 20,1,20,,5265,0,18 19 20,1,67,,5255,0,18 19 20,1,25,,2313,0,18 19 20,1,25,,4402,0,18 19 20,1,84,,5253,0,18 19 20,1,67,,5263,0,18 19 20,1,25,,5250,0,18 19 20,1,81,,4656,0,18 19 20,1,30,,2100,0,18 19 20,1,65,,5251,0,18 19 20,1,41,,5259,0,18 19 20,1,70,,1475,0,18 19 20,1,25,,5264,0,18 19 20,1,81,,5252,0,18 19 20,1,31,,5256,0,18 19 20,1,63,,5254,0,18 19 20,1,33,,441,0,18 19 20,1,58,,5262,0,18 19 20,1,34,,4444,0,18 19 20,1,64,,3059,0,18 19 20,1,36,,5248,0,18 19 20,1,60,,2964,0,18 19 20,1,30,,5257,0,18 19 20,1,24,,4841,0,18 19 20,1,72,,5261,0,18 19 20,1,103,,1056,0,18 19 20,1,77,,2102,0,18 19 20,1,103,,2805,0,18 19 20,1,35,,632,0,18 19 20,1,75,,923,0,18 19 20,1
1000,'3',716,,1976,,,1,30,,5700,,,1,70,,5706,,,1,30,,5702,,,1,70,,5697,,,1,30,,951,,,1,70,,5703,,,1
1800,'1',815,,6069,,,1,100,,6072,,,1,100,,6077,,,1,100,,6074,,,1,100,,6078,,,1,100,,6073,,,1,100,,1290,,,1,100,,6070,,,1,100,,6076,,,1,100,,6071,,,1,100,,1765,,,1,100,,6075,,,1
1800,'2',715,,6079,,,1,100,,6080,,,1,100,,6085,,,1,100,,6087,,,1,100,,6082,,,1,100,,6086,,,1,100,,3823,,,1,100,,6089,,,1,100,,4074,,,1,100,,6083,,,1,100,,6081,,,1,100,,6084,,,1,100,,6088,,,1
1800,'3',615,,175,,,1,30,,177,,,1,70,,4681,,,1,30,,932,,,1,70,,6092,,,1,30,,6102,,,1,70,,6106,,,1,30,,4481,,,1,70,,4860,,,1,30,,4012,,,1,70,,6090,,,1,30,,3269,,,1,70,,6101,,,1,30,,6093,,,1,70,,6099,,,1,30,,6095,,,1,70,,6094,,,1,30,,184,,,1,70,,6096,,,1,30,,6091,,,1,70,,6098,,,1,30,,6107,,,1,70,,6105,,,1,30,,6103,,,1,70,,4406,,,1,30,,6108,,,1,70,,6100,,,1,30,,6097,,,1,70,,6104,,,1,100,,1915,,,1
2800,'1',837,,6338,,,1,100,,6331,,,1,100,,6335,,,1,100,,6328,,,1,100,,6336,,,1,100,,6337,,,1,100,,6330,,,1,100,,6334,,,1,100,,6332,,,1,100,,6329,,,1,100,,6333,,,1,100,,2917,,,1
2800,'2',737,,6343,,,1,100,,6342,,,1,100,,6344,,,1,100,,6347,,,1,100,,6345,,,1,100,,6340,,,1,100,,65,,,1,100,,4062,,,1,100,,6341,,,1,100,,6339,,,1,100,,3190,,,1,100,,6346,,,1,100,,4734,,,1
2800,'3',607,,6349,,,1,30,,1548,,,1,70,,6350,,,1,30,,6358,,,1,70,,6353,,,1,30,,3782,,,1,70,,6351,,,1,30,,6364,,,1,70,,4145,,,1,30,,6355,,,1,70,,6357,,,1,30,,6352,,,1,70,,6360,,,1,30,,6363,,,1,70,,3669,,,1,30,,6368,,,1,70,,6361,,,1,30,,6359,,,1,70,,2112,,,1,30,,4408,,,1,70,,6362,,,1,30,,6356,,,1,70,,6354,,,1,30,,6366,,,1,70,,6365,,,1,30,,3359,,,1,70,,2415,,,1,30,,6348,,,1,100,,2379,,,1,172,,6367,,,1
