1001400,'1_merged_3768024',757,,4540,0,23 24 20,0,100,,4529,0,23 24 20,0,100,,4530,0,23 24 20,0,100,,4526,0,23 24 20,0,100,,4536,0,23 24 20,0,100,,4523,0,23 24 20,0,100,,4515,0,23 24 20,0,100,,4543,0,23 24 20,0,100,,4527,0,23 24 20,0,100,,4518,0,23 24 20,0,100,,4528,0,23 24 20,0,100,,4517,0,23 24 20,0,100,,4511,0,23 24 20,0,100,,4539,0,23 24 20,0,100,,4531,0,23 24 20,0,100,,4541,0,23 24 20,0
1001400,'2_merged_3768026',755,,4562,0,23 24 20,0,100,,4564,0,23 24 20,0,100,,4551,0,23 24 20,0,100,,4556,0,23 24 20,0,100,,4560,0,23 24 20,0,100,,4568,0,23 24 20,0,100,,4573,0,23 24 20,0,100,,4577,0,23 24 20,0,100,,4552,0,23 24 20,0,100,,4567,0,23 24 20,0,100,,4574,0,23 24 20,0,100,,4558,0,23 24 20,0,100,,4565,0,23 24 20,0,100,,4576,0,23 24 20,0,100,,4555,0,23 24 20,0,100,,4571,0,23 24 20,0
1001400,'3_merged_3768025',855,,4589,0,23 24 20,0,100,,4590,0,23 24 20,0,100,,4602,0,23 24 20,0,100,,4592,0,23 24 20,0,100,,4584,0,23 24 20,0,100,,4599,0,23 24 20,0,100,,4579,0,23 24 20,0,100,,4598,0,23 24 20,0,100,,4581,0,23 24 20,0,100,,4587,0,23 24 20,0,100,,4593,0,23 24 20,0,100,,4583,0,23 24 20,0
1001400,'4',757,,4632,0,23 24 20,0,100,,4621,0,23 24 20,0,100,,4622,0,23 24 20,0,100,,4618,0,23 24 20,0,100,,4628,0,23 24 20,0,100,,4615,0,23 24 20,0,100,,4607,0,23 24 20,0,100,,4635,0,23 24 20,0,100,,4619,0,23 24 20,0,100,,4610,0,23 24 20,0,100,,4620,0,23 24 20,0,100,,4609,0,23 24 20,0,100,,4603,0,23 24 20,0,100,,4631,0,23 24 20,0,100,,4623,0,23 24 20,0,100,,4633,0,23 24 20,0
1001400,'5',804,,4668,0,23 24 20,0,30,,4664,0,23 24 20,0,70,,4667,0,23 24 20,0,30,,4682,0,23 24 20,0,100,,4654,0,23 24 20,0,95,,4677,0,23 24 20,0,100,,4643,0,23 24 20,0,100,,4660,0,23 24 20,0,100,,4663,0,23 24 20,0,100,,4646,0,23 24 20,0,110,,4652,0,23 24 20,0,88,,4651,0,23 24 20,0,30,,4666,0,23 24 20,0,70,,4644,0,23 24 20,0,30,,4669,0,23 24 20,0,70,,4657,0,23 24 20,0,32,,4671,0,23 24 20,0,100,,4656,0,23 24 20,0,100,,4676,0,23 24 20,0,100,,4659,0,23 24 20,0
1001401,'1_merged_3768024',820,,4705,0,23 21 20,0,100,,4692,0,23 21 20,0,100,,4714,0,23 21 20,0,100,,4703,0,23 21 20,0,100,,4712,0,23 21 20,0,100,,4708,0,23 21 20,0,100,,4704,0,23 21 20,0,100,,4701,0,23 21 20,0,100,,4690,0,23 21 20,0,100,,4711,0,23 21 20,0,100,,4713,0,23 21 20,0,100,,4684,0,23 21 20,0,100,,4709,0,23 21 20,0,100,,4686,0,23 21 20,0,100,,4689,0,23 21 20,0,100,,4716,0,23 21 20,0
1001401,'2_merged_3768026',721,,4747,0,23 21 20,0,100,,4750,0,23 21 20,0,100,,4728,0,23 21 20,0,100,,4739,0,23 21 20,0,100,,4731,0,23 21 20,0,100,,4744,0,23 21 20,0,100,,4736,0,23 21 20,0,100,,4743,0,23 21 20,0,100,,4720,0,23 21 20,0,100,,4751,0,23 21 20,0,100,,4749,0,23 21 20,0,100,,4737,0,23 21 20,0,100,,4742,0,23 21 20,0,100,,4740,0,23 21 20,0,100,,4748,0,23 21 20,0,100,,4730,0,23 21 20,0,95,,4735,0,23 21 20,0
1001401,'3_merged_3768025',821,,4763,0,23 21 20,0,100,,4765,0,23 21 20,0,100,,4761,0,23 21 20,0,100,,4768,0,23 21 20,0,100,,4772,0,23 21 20,0,100,,4775,0,23 21 20,0,100,,4778,0,23 21 20,0,100,,4767,0,23 21 20,0,100,,4770,0,23 21 20,0,100,,4756,0,23 21 20,0,100,,4757,0,23 21 20,0,100,,4774,0,23 21 20,0
1001401,'4',820,,4802,0,23 21 20,0,100,,4789,0,23 21 20,0,100,,4811,0,23 21 20,0,100,,4800,0,23 21 20,0,100,,4809,0,23 21 20,0,100,,4805,0,23 21 20,0,100,,4801,0,23 21 20,0,100,,4798,0,23 21 20,0,100,,4787,0,23 21 20,0,100,,4808,0,23 21 20,0,100,,4810,0,23 21 20,0,100,,4781,0,23 21 20,0,100,,4806,0,23 21 20,0,100,,4783,0,23 21 20,0,100,,4786,0,23 21 20,0,100,,4813,0,23 21 20,0
1001401,'5',833,,4861,0,23 21 20,0,84,,4820,0,23 21 20,0,100,,4859,0,23 21 20,0,100,,4818,0,23 21 20,0,100,,4858,0,23 21 20,0,100,,4842,0,23 21 20,0,100,,4862,0,23 21 20,0,103,,4851,0,23 21 20,0,100,,4824,0,23 21 20,0,88,,4852,0,23 21 20,0,30,,4857,0,23 21 20,0,70,,4833,0,23 21 20,0,30,,4831,0,23 21 20,0,79,,4836,0,23 21 20,0,100,,4838,0,23 21 20,0,100,,4829,0,23 21 20,0,103,,4832,0,23 21 20,0,100,,4844,0,23 21 20,0
