1,100,'1',2498,1253,196,911,1408,2501,2106,2502,2076,2503,2504,1843,688,202,1417,2505,693,927,1966,2506,2507,215,2508,79,1852,2509,1625,2510,2511,2512,2467,1681,2513,2514,2469,2229,2515,2516,2361,2517,2214,1788,1915,955,1198,412,1917,2518,1113,974,1062,2519,1796,2520,2521,2522,2523,113,993,1124,116,2524,2525,1153,997,423,2526,2527,125,2528,2529,1204,2530,2531,268,1811,2532,790
1,100,'2',2533,2534,2535,2536,2537,2412,613,2538,2539,2540,1089,1828,2541,2542,2543,372,2544,2545,2546,45,2547,2548,2549,2550,2326,2551,183,2552,2553,2554,2555
1,100,'3',2556,2557,2558,2559,801,1815,2560,582,2561,2562,2563,2564,2565,2566,18,2131,2567,2568,2569,2570,2571,2572,2573,25,2574
1,101,'1',193,2575,2576,1564,2203,2577,2578,2579,2580,2581,1779,2582,2348,2078,2583,1146,2584,1962,1049,2585,1908,2081,2586,405,216,2587,2588,218,2589,943,1912,2590,84,2591,2592,2593,2594,2595,2596,547,2597,2598,2599,2090,482,966,2600,2601,2602,2603,1434,1116,2604,975,980,2605,986,114,2606,2607,1202,2118,2120,2608,2170,2609,1691,2610,1357,2611,2612,2613,2262,1444,2614,2045,1748,134
1,101,'2',2615,2616,847,2190,1946,2617,2618,2619,2620,2621,2622,1038,2623,2624,2625,2626,2627,48,2628,2629,2630,2631,2632,2633,2196,891,2634,2635,2636,2637,2638
1,101,'3',2639,2640,2641,2642,2643,2644,2645,808,2646,2647,2648,2649,2050,2650,2651,2298,2652,150,153,2402,2653,2654,2655,2656,2657
3,300,'1',2658,2659,1905,1159,1102,66,1207,1103,319,2660,1147,1567,1673,539,2661,2662,2663,2664,2665,2666,2667,727,1056,2668,2669,2670,2671,338,2098,1285,2672,2673,1524,2674,2675,1007,2676,2677,2678,788
3,300,'2',2679,2680,2681,2682,2683,2684,2685,2686,2687,290,2688,2689,1240,2690,2691,2692,2324,2693,2694,2695,2696,2697,303,888,2698,1955,2699,2700,2701,2702
3,300,'3',559,2703,2704,2705,2706,2707,2708,2709,358,2710,2711,2712
3,301,'1',2713,1131,2714,1667,1668,2715,694,2716,2717,2718,1848,2719,2720,472,2721,2722,1910,408,1213,2723,2230,962,2724,2725,2726,2727,417,2728,2729,1287,1154,2374,2730,2731,256,2732,2733,1928,1014,2734
3,301,'2',2735,1470,2736,1387,2737,2738,1554,2424,1480,862,2739,2740,2741,2742,2743,2140,2744,2745,2746,1484,2747,2748,2749,662,2335,2750,2751,1249,2752,2753
3,301,'3',1,2754,1022,2755,2756,2757,2758,2759,2760,2761,2762,2763
4,400,'1',2764,2765,2766,2767,2768,2769,2770,1258,2494,1051,1622,2771,2772,474,1196,2773,724,2774,1426,2775,2776,2777,2030,970,2778,2779,2780,2781,490,1804,121,1066,1747,1535
4,400,'2',2782,2783,2784,449,2785,1894,2786,2787,50,2788,2789,2790,520,2013,2791,2792,672
4,400,'3',2793,566,2794,1296,2795,575,2796,1814,2797,2798,2799,593
4,401,'1',192,2263,1498,2800,315,2801,2251,321,2802,2453,2803,1621,473,1568,1265,2804,2805,2806,224,1053,952,1180,479,2807,108,2808,756,2809,419,1170,1356,779,2810,2811
4,401,'2',2812,2813,1601,2814,2815,514,2816,2817,2818,2819,2820,2821,2822,2823,522,2824
4,401,'3',1360,2825,574,2395,2826,2827,2828,2829,2830,2404,2831,2832,2833
5,500,'1',2834,676,1957,2201,527,1322,2232,467,682,2835,395,530,1259,2836,2837,689,2838,2839,2840,2841,2842,1672,468,210,2022,2023,1503,2843,2353,2844,703,704,2845,2846,2847,406,78,712,2848,2849,2850,81,222,2851,2852,1163,2853,2854,2027,93,2855,2233,98,2856,2857,1572,548,1790,1057,2858,2859,2860,2496,1344,2861,2363,2364,1737,1184,2162,238,2862,2863,2864,2367,1578,1861,2865,2866,550,551,1438,2867,2282,1122,115,757,2868,759,760,2869,2109,764,2036,2243,2870,2119,771,2871,998,2872,1806,1926,1128,2873,2874,126,1929,1174,1872,2875,2876,2877,2878,132,2879,2880
5,500,'2',2881,2882,1236,2883,2884,2885,1890,2886,618,2887,1091,2888,2889,2890,2139,174,2318,2891,2892,2893,870,2894,2895,2065,1833,2896,2429,876,2008,2897,2898,2899,2900,2901,2902,1487,2903,2904,2905,2906,2907,2908,2909,653,2910,2911,2912,657,658,2913,2914,2915,2916,2917,2918,2919,2920,2921,459,2922,2923,2924,2925,392
5,500,'3',2926,2927,2386,2928,2929,2930,2931,136,2932,2933,2934,2935,2936,2937,2938,2939,578,1370,2940,2941,2181,2942,2943,2944,2945,2946,2947,2948,2949,2950,2951,17,1819,2952,2953,2954,2955,2956,2957,1999,2958,2959,2960,2961,1466,1703,2962,2963,2306,2964,2965
5,501,'1',2966,463,195,1725,1903,1499,2967,313,2968,314,2969,1670,2970,1193,2971,2972,207,2225,2973,695,2974,537,1674,1967,931,2975,2355,1422,2228,1731,2976,1624,939,407,1510,2977,2978,1178,2979,1137,2466,2980,1337,2981,720,1570,2982,227,2983,2984,2985,2986,2987,103,2988,1278,2989,2990,236,1976,2991,969,1059,1431,241,2227,244,1577,2992,245,976,2032,2993,979,2994,2995,1628,981,2996,2997,2998,250,2999,112,1799,992,1283,251,3000,3001,1289,2038,772,3002,122,2377,1003,3003,3004,3005,3006,3007,3008,1173,781,3009,3010,3011,1292,787,3012,130,3013,3014
5,501,'2',3015,3016,3017,3018,3019,1384,3020,3021,3022,3023,3024,1825,854,1948,3025,3026,2312,3027,3028,3029,3030,622,3031,3032,3033,373,3034,3035,1242,3036,3037,3038,3039,2428,2192,638,3040,3041,3042,451,3043,3044,3045,3046,517,51,3047,3048,3049,3050,3051,2198,3052,3053,895,3054,1404,3055,3056,3057,1718,3058,1405,3059,3060
5,501,'3',3061,135,3062,3063,3064,3065,3066,3067,3068,3069,3070,3071,3072,3073,3074,1879,2292,3075,3076,2390,3077,3078,3079,3080,3081,3082,3083,1936,3084,3085,3086,3087,3088,3089,3090,3091,3092,3093,3094,3095,591,3096,594,3097,1377,3098,3099,3100,3101,3102,3103
6,600,'1',1048,3104,3105,3106,2452,2245,536,3107,225,1513,3108,3109,1277,3110,3111,1859,3112,3113,3114,3115,1523,3116,2376,1985,3117,3118,2488,260,494,3119
6,600,'2',3120,3121,3122,1763,2421,3123,3124,1040,1041,2197,3125,390,3126
6,600,'3',3127,3128,3129,3130,3131,3132,3133,3134,3135,3136,3137,3138
6,601,'1',3139,3140,1413,1209,2108,2462,949,88,1149,3141,1683,1792,3142,486,3143,978,249,1201,3144,2371,3145,1582,3146,1632,995,2484,1172,2121,1532,3147
6,601,'2',610,1653,3148,3149,374,3150,3151,1659,3152,3153,3154,3155,906
6,601,'3',3156,3157,3158,3159,3160,3161,3162,3163,3164,1087,3165,3166
10,1000,'1',678,394,2343,3167,937,3168,3169,3170,1740,3171,3172,1187,3173,3174
10,1001,'1',3175,3176,1847,3177,1512,3178,3179,3180,765,2485,3181,775,3182,1359
11,1100,'1',3183,3184,3185,3186,2255,2161,1686,3187,988,1864,3188,1064,3189,3190,2043,3191,789
11,1101,'1',2265,543,1269,85,104,3192,1517,2365,1919,1166,1186,1631,1188,1865,343,3193
12,1200,'1',691,2206,708,1177,3194,1150,750,2033,3195,1528,2041,2381,1808,2382
12,1201,'1',1841,917,203,1780,697,936,1212,3196,3197,2473,728,2117,3198,3199,2035,1633
13,1300,'1',3200,679,3201,3202,3203,1839,3204,1145,3205,3206,3207,3208,1728,3209,3210,541,542,3211,1179,544,3212,3213,3214,1787,3215,3216,228,1427,3217,1281,3218,489,117,3219,1286,2167,3220,3221,1070,3222,3223,2173
13,1300,'2',3224,3225,3226,3227,3228,3229,3230,1557,3231,3232,2327,3233,186,3234,3235,1772
13,1300,'3',3236,3237,1448,3238,1228,3239,3240,3241,3242,275,3243,3244,3245
13,1301,'1',3246,3247,3248,3249,3250,3251,3252,3253,1330,470,1969,1266,714,942,3254,1627,3255,3256,1217,1988,3257,3258,968,3259,3260,2248,3261,1520,1580,1167,3262,3263,3264,120,3265,778,1129,1013,3266
13,1301,'2',3267,3268,3269,3270,3271,371,3272,3273,1893,3274,3275,1316,1954,3276,3277,3278
13,1301,'3',3279,3280,3281,3282,3283,799,3284,3285,3286,3287,3288,3289
14,1400,'1',2075,1192,1565,68,1325,3290,1414,3291,1415,692,1964,2495,1420,702,1264,328,3292,1199,3293,3294,234,3295,738,3296,3297,3298,414,3299,2259,3300,3301,2497,3302,3303,3304,3305,3306,3307
14,1400,'2',2307,3308,3309,3310,3311,3312,1889,1389,2005,3313,3314,3315,3316,3317,3318,646,3319,3320,3321,1401,2331,3322,3323,3324,3325,3326
14,1400,'3',3327,3328,3329,3330,3331,3332,3333,3334,1369,3335,3336,3337,3338,3339,2398,2399,3340,3341,3342,1547,1885,158
14,1401,'1',3343,1838,3344,3345,1418,1104,213,2458,1332,3346,404,3347,940,3348,3349,545,3350,1197,3351,960,2091,3352,3353,247,3354,1522,1127,556,768,3355,3356,2375,1529,2486,1069,3357,1205,1694,2223,3358
14,1401,'2',3359,3360,3361,1474,3362,3363,3364,3365,1478,3366,3367,3368,43,1895,3369,3370,1835,3371,3372,3373,55,3374,661,3375,3376,3377,1100,3378
14,1401,'3',3379,3380,1366,3381,3382,3383,3384,3385,3386,3387,585,3388,3389,820,3390,3391,3392,3393,3394,3395,3396,3397,3398,1821
15,1500,'1',2016,3399,3400,3401,3402,3403,3404,719,1271,1515,1857,2478,1151,1576,3405,3406,3407,3408,748,2482,1583,1125,1866,3409,3410
15,1500,'2',1472,3411,3412,3413,2420,3414,869,3415,1559,3416,1560,1042,3417
15,1500,'3',3418,3419,3420,3421,3422,9,3423,3424,3425,3426,3427,2408
15,1501,'1',2074,2449,200,204,3428,1781,2207,3429,1421,1623,1136,3430,410,3431,1854,1437,2481,1630,552,2270,770,2040,780,1191,3432,432
15,1501,'2',3433,3434,851,3435,3436,3437,3438,881,3439,3440,3441,3442,3443,3444
15,1501,'3',3445,3446,1641,3447,3448,13,146,3449,3450,3451,3452,3453
18,1800,'1',3454,3455,3456,685,1260,3457,70,3458,924,3459,403,1105,3460,3461,3462,1509,2213,3463,3464,90,723,3465,3466,109,3467,3468,1006,2122,3469,3470
18,1800,'2',3471,3472,3473,3474,3475,3476,3477,3478,3479,3480,3481,3482,3483
18,1800,'3',3484,1642,3485,3486,3487,19,3488,3489,3490,3491,3492,3493
18,1801,'1',526,1665,1775,1776,2347,698,3494,3495,1107,944,1270,229,3496,3497,3498,3499,1793,2368,3500,3501,491,3502,3503,2273,1636,3504,265,1638,2102
18,1801,'2',1708,3505,3506,3507,1093,3508,3509,3510,3511,3512,3513,3514,3515
18,1801,'3',3516,3517,3518,3519,3520,3521,1759,1467,3522,3523,3524,3525
19,1900,'1',1255,1047,2448,3526,1959,3527,3528,1501,3529,706,3530,3531,3532,1274,3533,1055,3534,3535,3536,1218,3537,3538,3539,1152,3540,1800,1142,337,3541,3542,2487,3543,1531,347,1291,1533,3544
19,1900,'2',1034,3545,3546,855,3547,291,1767,1892,3548,3549,2434,2072,3550,3551
19,1900,'3',3552,1364,3553,3554,3555,3556,3557,1084,3558,2132,3559,3560
19,1901,'1',675,3561,1323,198,3562,686,3563,1566,920,690,1261,3564,3565,1333,1850,3566,2116,1273,3567,3568,3569,3570,3571,2216,110,983,553,420,3572,2112,1868,2379,3573,3574,1203,1016,3575,3576
19,1901,'2',3577,3578,1707,3579,3580,3581,3582,1832,1310,3583,516,3584,2332,3585
19,1901,'3',3586,3587,810,3588,3589,822,3590,1379,3591,833,3592,3593
20,2000,'1',58,3594,1133,3595,1206,922,2350,3596,2024,1162,2358,3597,948,1111,3598,1516,1341,235,3599,747,1579,3600,1000,1001,2171,1807,1010,784,2101
20,2000,'2',3601,3602,2314,625,872,3603,3604,3605,1485,3606,2070,3607,3608
20,2000,'3',3609,1812,3610,3611,3612,3613,3614,3615,3616,836,3617,3618
20,2001,'1',2151,1132,2450,1326,1328,73,3619,1963,402,2352,2457,3620,3621,2212,3622,230,3623,3624,1346,1736,3625,3626,3627,1165,1981,1982,421,773,1530,782
20,2001,'2',3628,3629,3630,3631,1947,3632,3633,614,3634,3635,3636,304,3637,3638,308
20,2001,'3',2123,3639,3640,3641,3642,3643,3644,3645,601,3646,3647,3648
26,2600,'1',3649
26,2601,'1',3650
28,2800,'1',3651,3652,2020,3653,531,2021,3654,3655,718,1626,3656,2474,2476,3657,3658,3659,3660,752,3661,3662,1741,3663,3664,3665,3666,2247,3667,3668,430,3669
28,2800,'2',3670,3671,3672,3673,3674,3675,3676,3677,3678,885,3679,3680,3681,3682
28,2800,'3',3683,3684,1816,3685,3686,3687,3688,3689,3690,3691,502,3692,3693
28,2801,'1',1723,3694,3695,3696,2077,1617,209,3697,2455,3698,77,3699,409,1340,477,2268,481,3700,2362,2258,3701,3702,985,2096,763,3703,2111,3704,1924,1358
28,2801,'2',3705,3706,3707,3708,2422,2064,3709,3710,3711,3712,3713,3714,187,3715
28,2801,'3',3716,3717,3718,3719,3720,3721,3722,3723,3724,3725,3726,3727,3728
34,3400,'1',59,312,2080,3729,1511,3730,3731,3732,3733,1068
34,3401,'1',3734,3735,3736,102,3737,1219,1525,3738,3739,349
37,3700,'1',3740,3741,919,3742,2153,2456,3743,3744,3745,327,3746,3747,1682,485,1433,3748,2034,3749,1441,3750,1443,124,258,3751
37,3700,'2',3752,2136,3753,3754,3755,3756,3757,3758,3759,3760,3761,1956,3762,3763,673
37,3700,'3',3764,3765,3766,3767,3768,3769,3770,3771,3772,3773,3774,3775
37,3701,'1',2113,3776,199,1616,918,3777,1050,3778,929,2210,3779,713,3780,3781,3782,106,3783,3784,252,493,1805,3785,3786,2491
37,3701,'2',1762,27,3787,3788,3789,3790,3791,3792,3793,1245,3794,3795,3796,190,3797
37,3701,'3',3798,3799,3800,3801,2393,3802,3803,3804,3805,3806,3807,3808
71,7100,'1',1906,1684,740
71,7101,'1',3809,3810,3811,1986
80,8000,'1',1054,3812
80,8001,'1',1324,1734
82,8201,'1',3813
83,8300,'1',3814,1743,3815
83,8301,'1',2240,1117,3816
84,8400,'1',2483
84,8401,'1',1279
86,8600,'1',3817,3818,1689
86,8601,'1',3819
120,12000,'1',2446,3820,3821,324,715,951,97,3822,3823,3824,344,3825,429,3826
120,12001,'1',2341,63,1846,1208,701,1342,3827,3828,758,3829,2169,427,3830,133
190,19000,'1',3831,3832,3833
190,19001,'1',3834,3835,1629
10014,1001400,'1',2073,677,3836,3837,2264,62,1409,3838,3839,3840,3841,3842,322,3843,1849,3844,710,3845,1678,3846,3847,1514,3848,3849,3850,739,743,1739,415,1860,984,3851,989,3852,1526,254,999,3853,3854,3855,2231,128,1130,3856,1019
10014,1001400,'2',3857,3858,3859,3860,3861,3862,2313,1829,3863,2316,627,3864,3865,1312,3866,1558,3867,3868,3869,1713,1398,3870,2330,383,3871,3872,3873,3874,3875,3876,2148,524,3877
10014,1001400,'3',3878,3879,3880,3881,805,3882,3883,3884,3885,144,3886,3887,3888,3889,3890,1756,821,3891,3892,3893,3894,3895,3896,3897
10014,1001401,'1',3898,3899,462,3900,681,397,3901,1671,3902,3903,3904,469,3905,2266,3906,3907,3908,2461,933,3909,3910,3911,3912,3913,3914,2471,2267,721,476,1855,3915,3916,3917,3918,3919,1061,3920,2092,1352,1801,1143,1189,1925,1586,1927,1009,262
10014,1001401,'2',3921,3922,849,3923,2414,3924,3925,3926,3927,3928,3929,3930,3931,3932,3933,3934,295,3935,634,3936,3937,3938,3939,3940,3941,2435,2144,2437,3942,3943,3944,310,3945,1774,3946
10014,1001401,'3',3947,792,3948,3949,3950,3951,3952,3953,141,3954,3955,3956,3957,2051,819,3958,3959,3960,2056,599,1822,3961,604,3962,3963
10081,1008101,'1',3964
10086,1008601,'1',2493
20081,2008101,'1',3965
20086,2008601,'1',1619,2084,3966
140081,14008101,'1',1321,722
190081,19008101,'1',3967
