2800,'1',619,,3940,,,0,30,,3936,,,0,70,,3943,,,0,30,,3919,,,0,70,,3925,,,0,30,,3920,,,0,70,,3941,,,0,30,,3935,,,0,70,,3927,,,0,30,,3921,,,0,70,,3944,,,0,30,,3934,,,0,70,,3916,,,0,30,,3924,,,0,70,,3931,,,0,30,,3923,,,0,70,,3938,,,0,30,,3932,,,0,70,,3928,,,0,30,,3933,,,0,70,,3917,,,0,30,,3930,,,0,70,,3922,,,0,30,,3929,,,0,70,,3926,,,0,30,,3918,,,0,70,,3939,,,0,30,,3937,,,0,100,,3942,,,0,172,,3915,,,0
2800,'2',649,,3958,,,0,100,,3956,,,0,100,,3954,,,0,100,,3957,,,0,100,,3947,,,0,100,,3945,,,0,100,,3951,,,0,100,,3952,,,0,100,,3948,,,0,100,,3953,,,0,100,,3949,,,0,100,,3950,,,0,100,,3946,,,0,100,,3955,,,0
2800,'3',749,,3962,,,0,100,,3961,,,0,100,,3966,,,0,100,,3971,,,0,100,,3963,,,0,100,,3959,,,0,100,,3960,,,0,100,,3965,,,0,100,,3970,,,0,100,,3967,,,0,100,,3964,,,0,100,,3968,,,0,100,,3969,,,0
2800,'4',619,,3997,,,0,30,,3993,,,0,70,,4000,,,0,30,,3976,,,0,70,,3982,,,0,30,,3977,,,0,70,,3998,,,0,30,,3992,,,0,70,,3984,,,0,30,,3978,,,0,70,,4001,,,0,30,,3991,,,0,70,,3973,,,0,30,,3981,,,0,70,,3988,,,0,30,,3980,,,0,70,,3995,,,0,30,,3989,,,0,70,,3985,,,0,30,,3990,,,0,70,,3974,,,0,30,,3987,,,0,70,,3979,,,0,30,,3986,,,0,70,,3983,,,0,30,,3975,,,0,70,,3996,,,0,30,,3994,,,0,100,,3999,,,0,172,,3972,,,0
2800,'5',619,,4029,,,0,30,,4017,,,0,70,,4019,,,0,30,,4023,,,0,70,,4030,,,0,30,,4028,,,0,70,,4011,,,0,30,,4027,,,0,70,,4022,,,0,30,,4024,,,0,70,,4015,,,0,30,,4012,,,0,70,,4009,,,0,30,,4031,,,0,70,,4020,,,0,30,,4013,,,0,70,,4021,,,0,30,,4002,,,0,70,,4018,,,0,30,,4010,,,0,70,,4025,,,0,30,,4007,,,0,70,,4003,,,0,30,,4008,,,0,70,,4005,,,0,30,,4026,,,0,70,,4014,,,0,30,,4004,,,0,100,,4016,,,0,172,,4006,,,0
2801,'1',634,,4049,,,0,70,,4039,,,0,30,,4047,,,0,70,,4040,,,0,30,,4042,,,0,70,,4057,,,0,30,,4034,,,0,70,,4054,,,0,30,,4051,,,0,70,,4035,,,0,30,,4046,,,0,70,,4053,,,0,30,,4045,,,0,70,,4048,,,0,30,,4041,,,0,70,,4043,,,0,30,,4032,,,0,70,,4055,,,0,30,,4061,,,0,70,,4052,,,0,36,,4059,,,0,70,,4060,,,0,30,,4038,,,0,70,,4058,,,0,30,,4044,,,0,64,,4037,,,0,30,,4050,,,0,70,,4056,,,0,100,,4036,,,0,100,,4033,,,0
2801,'2',704,,4069,,,0,100,,4072,,,0,100,,4074,,,0,100,,4063,,,0,100,,4073,,,0,100,,4070,,,0,100,,4067,,,0,100,,4064,,,0,100,,4066,,,0,100,,4068,,,0,100,,4075,,,0,100,,4071,,,0,100,,4065,,,0,100,,4062,,,0
2801,'3',804,,4084,,,0,100,,4081,,,0,100,,4078,,,0,100,,4077,,,0,100,,4085,,,0,100,,4086,,,0,100,,4082,,,0,100,,4087,,,0,100,,4079,,,0,100,,4080,,,0,100,,4088,,,0,100,,4076,,,0,100,,4083,,,0
2801,'4',634,,4107,,,0,70,,4097,,,0,30,,4105,,,0,70,,4098,,,0,30,,4100,,,0,70,,4114,,,0,30,,4092,,,0,70,,4112,,,0,30,,4109,,,0,70,,4093,,,0,30,,4104,,,0,70,,4111,,,0,30,,4103,,,0,70,,4106,,,0,30,,4099,,,0,70,,4101,,,0,30,,4089,,,0,70,,4113,,,0,30,,4118,,,0,70,,4110,,,0,36,,4116,,,0,70,,4117,,,0,30,,4096,,,0,70,,4115,,,0,30,,4102,,,0,64,,4094,,,0,30,,4108,,,0,70,,4091,,,0,100,,4095,,,0,100,,4090,,,0
2801,'5',634,,4134,,,0,70,,4140,,,0,30,,4119,,,0,70,,4129,,,0,30,,4139,,,0,70,,4141,,,0,30,,4136,,,0,70,,4126,,,0,30,,4146,,,0,70,,4120,,,0,30,,4125,,,0,70,,4143,,,0,30,,4148,,,0,70,,4147,,,0,30,,4137,,,0,70,,4144,,,0,30,,4121,,,0,70,,4128,,,0,30,,4122,,,0,70,,4135,,,0,36,,4124,,,0,70,,4142,,,0,30,,4133,,,0,70,,4132,,,0,30,,4130,,,0,64,,4127,,,0,30,,4131,,,0,70,,4123,,,0,100,,4138,,,0,100,,4145,,,0
