601,'1_merged_3768024',629,,2155,0,5 6 1 7,0,25,,2136,0,5 6 1 7,0,65,,2153,0,5 6 1 7,0,25,,2146,0,5 6 1 7,0,65,,2134,0,5 6 1 7,0,25,,2131,0,5 6 1 7,0,25,,2142,0,5 6 1 7,0,72,,2132,0,5 6 1 7,0,75,,2154,0,5 6 1 7,0,35,,2141,0,5 6 1 7,0,75,,2152,0,5 6 1 7,0,35,,2129,0,5 6 1 7,0,75,,2137,0,5 6 1 7,0,75,,2139,0,5 6 1 7,0,35,,2143,0,5 6 1 7,0,75,,2145,0,5 6 1 7,0,35,,2130,0,5 6 1 7,0,69,,2151,0,5 6 1 7,0,25,,2140,0,5 6 1 7,0,65,,2127,0,5 6 1 7,0,25,,2148,0,5 6 1 7,0,25,,2150,0,5 6 1 7,0,65,,2144,0,5 6 1 7,0,25,,2135,0,5 6 1 7,0,65,,2133,0,5 6 1 7,0,25,,2126,0,5 6 1 7,0,65,,2147,0,5 6 1 7,0,21,,2138,0,5 6 1 7,0,25,,2149,0,5 6 1 7,0,65,,2128,0,5 6 1 7,0
601,'2_merged_3768026',725,,2160,0,5 6 1 7,0,100,,2163,0,5 6 1 7,0,100,,2158,0,5 6 1 7,0,100,,2161,0,5 6 1 7,0,100,,2159,0,5 6 1 7,0,100,,2167,0,5 6 1 7,0,100,,2157,0,5 6 1 7,0,100,,2164,0,5 6 1 7,0,100,,2168,0,5 6 1 7,0,100,,2166,0,5 6 1 7,0,100,,2156,0,5 6 1 7,0,100,,2162,0,5 6 1 7,0,100,,2165,0,5 6 1 7,0
601,'3_merged_3768025',825,,2180,0,5 6 1 7,0,100,,2169,0,5 6 1 7,0,100,,2173,0,5 6 1 7,0,100,,2172,0,5 6 1 7,0,100,,2177,0,5 6 1 7,0,100,,2174,0,5 6 1 7,0,100,,2171,0,5 6 1 7,0,100,,2178,0,5 6 1 7,0,100,,2175,0,5 6 1 7,0,100,,2170,0,5 6 1 7,0,100,,2176,0,5 6 1 7,0,100,,2179,0,5 6 1 7,0
601,'4',629,,2210,0,5 6 1 7,0,25,,2191,0,5 6 1 7,0,65,,2208,0,5 6 1 7,0,25,,2201,0,5 6 1 7,0,65,,2189,0,5 6 1 7,0,25,,2186,0,5 6 1 7,0,25,,2197,0,5 6 1 7,0,72,,2187,0,5 6 1 7,0,75,,2209,0,5 6 1 7,0,35,,2196,0,5 6 1 7,0,75,,2207,0,5 6 1 7,0,35,,2184,0,5 6 1 7,0,75,,2192,0,5 6 1 7,0,75,,2194,0,5 6 1 7,0,35,,2198,0,5 6 1 7,0,75,,2200,0,5 6 1 7,0,35,,2185,0,5 6 1 7,0,69,,2206,0,5 6 1 7,0,25,,2195,0,5 6 1 7,0,65,,2182,0,5 6 1 7,0,25,,2203,0,5 6 1 7,0,25,,2205,0,5 6 1 7,0,65,,2199,0,5 6 1 7,0,25,,2190,0,5 6 1 7,0,65,,2188,0,5 6 1 7,0,25,,2181,0,5 6 1 7,0,65,,2202,0,5 6 1 7,0,21,,2193,0,5 6 1 7,0,25,,2204,0,5 6 1 7,0,65,,2183,0,5 6 1 7,0
601,'5',629,,2230,0,5 6 1 7,0,25,,2220,0,5 6 1 7,0,65,,2216,0,5 6 1 7,0,25,,2219,0,5 6 1 7,0,65,,2214,0,5 6 1 7,0,25,,2215,0,5 6 1 7,0,25,,2218,0,5 6 1 7,0,72,,2211,0,5 6 1 7,0,75,,2236,0,5 6 1 7,0,35,,2213,0,5 6 1 7,0,75,,2221,0,5 6 1 7,0,35,,2223,0,5 6 1 7,0,75,,2238,0,5 6 1 7,0,75,,2229,0,5 6 1 7,0,35,,2232,0,5 6 1 7,0,75,,2226,0,5 6 1 7,0,35,,2217,0,5 6 1 7,0,69,,2240,0,5 6 1 7,0,25,,2234,0,5 6 1 7,0,65,,2227,0,5 6 1 7,0,25,,2212,0,5 6 1 7,0,25,,2222,0,5 6 1 7,0,65,,2237,0,5 6 1 7,0,25,,2239,0,5 6 1 7,0,65,,2224,0,5 6 1 7,0,25,,2225,0,5 6 1 7,0,65,,2228,0,5 6 1 7,0,21,,2233,0,5 6 1 7,0,25,,2231,0,5 6 1 7,0,65,,2235,0,5 6 1 7,0
1300,'1_merged_3768024',702,,2475,,,0,40,,2479,,,0,80,,2474,,,0,80,,2458,,,0,40,,2477,,,0,80,,2466,,,0,80,,2467,,,0,40,,2459,,,0,80,,2457,,,0,80,,2478,,,0,40,,2462,,,0,80,,2465,,,0,80,,2469,,,0,40,,2461,,,0,80,,2460,,,0,80,,2476,,,0,40,,2470,,,0,80,,2454,,,0,80,,2464,,,0,40,,2468,,,0,80,,2456,,,0,80,,2472,,,0,40,,2463,,,0,80,,2455,,,0,80,,2471,,,0,40,,2473,,,0
1300,'2_merged_3768026',755,,2485,,,0,100,,2491,,,0,100,,2480,,,0,100,,2490,,,0,100,,2483,,,0,100,,2492,,,0,100,,2486,,,0,100,,2493,,,0,100,,2487,,,0,100,,2489,,,0,100,,2488,,,0,100,,2484,,,0,100,,2494,,,0,100,,2482,,,0,100,,2481,,,0
1300,'3_merged_3768025',855,,2503,,,0,100,,2506,,,0,100,,2507,,,0,100,,2505,,,0,100,,2501,,,0,100,,2508,,,0,100,,2500,,,0,100,,2496,,,0,100,,2504,,,0,100,,2502,,,0,100,,2498,,,0,100,,2497,,,0
1300,'4',702,,2530,,,0,40,,2534,,,0,80,,2529,,,0,80,,2513,,,0,40,,2532,,,0,80,,2521,,,0,80,,2522,,,0,40,,2514,,,0,80,,2512,,,0,80,,2533,,,0,40,,2517,,,0,80,,2520,,,0,80,,2524,,,0,40,,2516,,,0,80,,2515,,,0,80,,2531,,,0,40,,2525,,,0,80,,2509,,,0,80,,2519,,,0,40,,2523,,,0,80,,2511,,,0,80,,2527,,,0,40,,2518,,,0,80,,2510,,,0,80,,2526,,,0,40,,2528,,,0
1300,'5',621,,2538,,,0,26,,2550,,,0,63,,2574,,,0,39,,2547,,,0,70,,2544,,,0,25,,2535,,,0,70,,2542,,,0,23,,2546,,,0,70,,2555,,,0,30,,2568,,,0,65,,2572,,,0,25,,2549,,,0,25,,2559,,,0,65,,2543,,,0,25,,2569,,,0,65,,2575,,,0,25,,2566,,,0,25,,2571,,,0,65,,2567,,,0,25,,2552,,,0,60,,2562,,,0,17,,2545,,,0,25,,2558,,,0,70,,2553,,,0,30,,2560,,,0,55,,2565,,,0,25,,2537,,,0,30,,2540,,,0,70,,2556,,,0,28,,2536,,,0,72,,2554,,,0,17,,2561,,,0,66,,2576,,,0,26,,2570,,,0,66,,2551,,,0,26,,2557,,,0,26,,2564,,,0,66,,2539,,,0,26,,2541,,,0,66,,2573,,,0,26,,2563,,,0,66,,2548,,,0
8601,'5',1127,,4414,0,33 34 43,0
