601,'1_merged_3768024',616,,2155,0,5 6 1 7,0,25,,2136,0,5 6 1 7,0,65,,2153,0,5 6 1 7,0,25,,2146,0,5 6 1 7,0,25,,2134,0,5 6 1 7,0,65,,2131,0,5 6 1 7,0,25,,2142,0,5 6 1 7,0,74,,2132,0,5 6 1 7,0,35,,2154,0,5 6 1 7,0,75,,2141,0,5 6 1 7,0,75,,2152,0,5 6 1 7,0,35,,2129,0,5 6 1 7,0,75,,2137,0,5 6 1 7,0,35,,2139,0,5 6 1 7,0,75,,2143,0,5 6 1 7,0,75,,2145,0,5 6 1 7,0,35,,2130,0,5 6 1 7,0,66,,2151,0,5 6 1 7,0,25,,2140,0,5 6 1 7,0,25,,2127,0,5 6 1 7,0,65,,2148,0,5 6 1 7,0,25,,2150,0,5 6 1 7,0,65,,2144,0,5 6 1 7,0,25,,2135,0,5 6 1 7,0,25,,2133,0,5 6 1 7,0,65,,2126,0,5 6 1 7,0,25,,2147,0,5 6 1 7,0,64,,2138,0,5 6 1 7,0,25,,2149,0,5 6 1 7,0,65,,2128,0,5 6 1 7,0
601,'2_merged_3768026',714,,2160,0,5 6 1 7,0,100,,2163,0,5 6 1 7,0,100,,2158,0,5 6 1 7,0,100,,2161,0,5 6 1 7,0,100,,2159,0,5 6 1 7,0,100,,2167,0,5 6 1 7,0,100,,2157,0,5 6 1 7,0,100,,2164,0,5 6 1 7,0,100,,2168,0,5 6 1 7,0,100,,2166,0,5 6 1 7,0,100,,2156,0,5 6 1 7,0,100,,2162,0,5 6 1 7,0,100,,2165,0,5 6 1 7,0
601,'3_merged_3768025',814,,2180,0,5 6 1 7,0,100,,2169,0,5 6 1 7,0,100,,2173,0,5 6 1 7,0,100,,2172,0,5 6 1 7,0,100,,2177,0,5 6 1 7,0,100,,2174,0,5 6 1 7,0,100,,2171,0,5 6 1 7,0,100,,2178,0,5 6 1 7,0,100,,2175,0,5 6 1 7,0,100,,2170,0,5 6 1 7,0,100,,2176,0,5 6 1 7,0,100,,2179,0,5 6 1 7,0
601,'4',616,,2210,0,5 6 1 7,0,25,,2191,0,5 6 1 7,0,65,,2208,0,5 6 1 7,0,25,,2201,0,5 6 1 7,0,25,,2189,0,5 6 1 7,0,65,,2186,0,5 6 1 7,0,25,,2197,0,5 6 1 7,0,74,,2187,0,5 6 1 7,0,35,,2209,0,5 6 1 7,0,75,,2196,0,5 6 1 7,0,75,,2207,0,5 6 1 7,0,35,,2184,0,5 6 1 7,0,75,,2192,0,5 6 1 7,0,35,,2194,0,5 6 1 7,0,75,,2198,0,5 6 1 7,0,75,,2200,0,5 6 1 7,0,35,,2185,0,5 6 1 7,0,66,,2206,0,5 6 1 7,0,25,,2195,0,5 6 1 7,0,25,,2182,0,5 6 1 7,0,65,,2203,0,5 6 1 7,0,25,,2205,0,5 6 1 7,0,65,,2199,0,5 6 1 7,0,25,,2190,0,5 6 1 7,0,25,,2188,0,5 6 1 7,0,65,,2181,0,5 6 1 7,0,25,,2202,0,5 6 1 7,0,64,,2193,0,5 6 1 7,0,25,,2204,0,5 6 1 7,0,65,,2183,0,5 6 1 7,0
601,'5',616,,2230,0,5 6 1 7,0,25,,2220,0,5 6 1 7,0,65,,2216,0,5 6 1 7,0,25,,2219,0,5 6 1 7,0,25,,2214,0,5 6 1 7,0,65,,2215,0,5 6 1 7,0,25,,2218,0,5 6 1 7,0,74,,2211,0,5 6 1 7,0,35,,2236,0,5 6 1 7,0,75,,2213,0,5 6 1 7,0,75,,2221,0,5 6 1 7,0,35,,2223,0,5 6 1 7,0,75,,2238,0,5 6 1 7,0,35,,2229,0,5 6 1 7,0,75,,2232,0,5 6 1 7,0,75,,2226,0,5 6 1 7,0,35,,2217,0,5 6 1 7,0,66,,2240,0,5 6 1 7,0,25,,2234,0,5 6 1 7,0,25,,2227,0,5 6 1 7,0,65,,2212,0,5 6 1 7,0,25,,2222,0,5 6 1 7,0,65,,2237,0,5 6 1 7,0,25,,2239,0,5 6 1 7,0,25,,2224,0,5 6 1 7,0,65,,2225,0,5 6 1 7,0,25,,2228,0,5 6 1 7,0,64,,2233,0,5 6 1 7,0,25,,2231,0,5 6 1 7,0,65,,2235,0,5 6 1 7,0
1300,'1_merged_3768024',645,,2475,,,0,80,,2479,,,0,80,,2474,,,0,40,,2458,,,0,80,,2477,,,0,80,,2466,,,0,40,,2467,,,0,80,,2459,,,0,80,,2457,,,0,40,,2478,,,0,80,,2462,,,0,80,,2465,,,0,40,,2469,,,0,80,,2461,,,0,80,,2460,,,0,40,,2476,,,0,80,,2470,,,0,80,,2454,,,0,40,,2464,,,0,80,,2468,,,0,80,,2456,,,0,40,,2472,,,0,80,,2463,,,0,80,,2455,,,0,40,,2471,,,0,80,,2473,,,0
1300,'2_merged_3768026',739,,2485,,,0,100,,2491,,,0,100,,2480,,,0,100,,2490,,,0,100,,2483,,,0,100,,2492,,,0,100,,2486,,,0,100,,2493,,,0,100,,2487,,,0,100,,2489,,,0,100,,2488,,,0,100,,2484,,,0,100,,2494,,,0,100,,2482,,,0,100,,2481,,,0
1300,'3_merged_3768025',839,,2503,,,0,100,,2506,,,0,100,,2507,,,0,100,,2505,,,0,100,,2501,,,0,100,,2508,,,0,100,,2500,,,0,100,,2496,,,0,100,,2504,,,0,100,,2502,,,0,100,,2498,,,0,100,,2497,,,0
1300,'4',645,,2530,,,0,80,,2534,,,0,80,,2529,,,0,40,,2513,,,0,80,,2532,,,0,80,,2521,,,0,40,,2522,,,0,80,,2514,,,0,80,,2512,,,0,40,,2533,,,0,80,,2517,,,0,80,,2520,,,0,40,,2524,,,0,80,,2516,,,0,80,,2515,,,0,40,,2531,,,0,80,,2525,,,0,80,,2509,,,0,40,,2519,,,0,80,,2523,,,0,80,,2511,,,0,40,,2527,,,0,80,,2518,,,0,80,,2510,,,0,40,,2526,,,0,80,,2528,,,0
1300,'5',626,,2550,,,0,23,,2574,,,0,79,,2547,,,0,30,,2544,,,0,65,,2535,,,0,30,,2542,,,0,67,,2546,,,0,30,,2555,,,0,70,,2568,,,0,25,,2572,,,0,65,,2549,,,0,25,,2559,,,0,65,,2543,,,0,25,,2569,,,0,25,,2575,,,0,65,,2566,,,0,25,,2571,,,0,65,,2567,,,0,25,,2552,,,0,73,,2545,,,0,25,,2558,,,0,30,,2553,,,0,70,,2560,,,0,15,,2565,,,0,65,,2537,,,0,30,,2540,,,0,70,,2556,,,0,28,,2536,,,0,72,,2554,,,0,21,,2561,,,0,26,,2576,,,0,66,,2570,,,0,26,,2551,,,0,66,,2557,,,0,26,,2564,,,0,66,,2539,,,0,26,,2541,,,0,26,,2573,,,0,66,,2563,,,0,26,,2548,,,0
3400,'1_merged_3768024',708,,4158,,,0,32,,4156,,,0,73,,4150,,,0,834,,4157,,,0,60,,4153,,,0,30,,4149,,,0,70,,4152,,,0,30,,4155,,,0,77,,4154,,,0,30,,4151,,,0
3400,'4',708,,4168,,,0,32,,4165,,,0,73,,4160,,,0,834,,4166,,,0,60,,4163,,,0,30,,4159,,,0,70,,4162,,,0,30,,4167,,,0,77,,4164,,,0,30,,4161,,,0
3400,'5',708,,4171,,,0,32,,4174,,,0,73,,4173,,,0,834,,4177,,,0,60,,4178,,,0,30,,4175,,,0,70,,4176,,,0,30,,4172,,,0,77,,4170,,,0,30,,4169,,,0
