301,'1_merged_3768024',613,,695,,,0,20,,687,,,0,24,,665,,,0,64,,671,,,0,26,,667,,,0,63,,699,,,0,22,,697,,,0,26,,668,,,0,61,,686,,,0,25,,672,,,0,63,,681,,,0,20,,675,,,0,25,,678,,,0,63,,664,,,0,20,,670,,,0,65,,685,,,0,23,,700,,,0,20,,692,,,0,65,,698,,,0,23,,680,,,0,20,,682,,,0,65,,693,,,0,23,,669,,,0,20,,696,,,0,66,,688,,,0,23,,676,,,0,65,,691,,,0,25,,701,,,0,63,,663,,,0,20,,694,,,0,30,,677,,,0,67,,684,,,0,20,,666,,,0,66,,679,,,0,22,,689,,,0,23,,702,,,0,69,,683,,,0,103,,673,,,0,108,,674,,,0,108,,690,,,0
301,'2_merged_3768026',718,,730,,,0,30,,719,,,0,70,,727,,,0,30,,718,,,0,70,,714,,,0,30,,706,,,0,70,,707,,,0,30,,712,,,0,70,,724,,,0,30,,725,,,0,70,,726,,,0,30,,711,,,0,70,,729,,,0,30,,723,,,0,70,,716,,,0,30,,713,,,0,70,,722,,,0,30,,721,,,0,70,,704,,,0,30,,715,,,0,70,,728,,,0,30,,720,,,0,70,,710,,,0,30,,709,,,0,70,,708,,,0,30,,731,,,0,100,,732,,,0,100,,703,,,0,100,,705,,,0,102,,717,,,0
301,'3_merged_3768025',848,,735,,,0,100,,734,,,0,100,,742,,,0,100,,743,,,0,100,,738,,,0,100,,744,,,0,100,,740,,,0,100,,739,,,0,100,,733,,,0,100,,736,,,0,100,,741,,,0,100,,737,,,0
301,'4',613,,777,,,0,20,,769,,,0,24,,747,,,0,64,,753,,,0,26,,749,,,0,63,,781,,,0,22,,779,,,0,26,,750,,,0,61,,768,,,0,25,,754,,,0,63,,763,,,0,20,,757,,,0,25,,760,,,0,63,,746,,,0,20,,752,,,0,65,,767,,,0,23,,782,,,0,20,,774,,,0,65,,780,,,0,23,,762,,,0,20,,764,,,0,65,,775,,,0,23,,751,,,0,20,,778,,,0,66,,770,,,0,23,,758,,,0,65,,773,,,0,25,,783,,,0,63,,745,,,0,20,,776,,,0,30,,759,,,0,67,,766,,,0,20,,748,,,0,66,,761,,,0,22,,771,,,0,23,,784,,,0,69,,765,,,0,103,,755,,,0,108,,756,,,0,108,,772,,,0
301,'5',613,,809,,,0,20,,806,,,0,24,,819,,,0,64,,824,,,0,26,,791,,,0,63,,822,,,0,22,,803,,,0,26,,808,,,0,61,,798,,,0,25,,821,,,0,63,,785,,,0,20,,812,,,0,25,,813,,,0,63,,805,,,0,20,,823,,,0,65,,818,,,0,23,,811,,,0,20,,802,,,0,65,,800,,,0,23,,816,,,0,20,,796,,,0,65,,799,,,0,23,,820,,,0,20,,787,,,0,66,,794,,,0,23,,804,,,0,65,,792,,,0,25,,815,,,0,63,,789,,,0,20,,817,,,0,30,,786,,,0,67,,807,,,0,20,,814,,,0,66,,797,,,0,22,,790,,,0,23,,801,,,0,69,,788,,,0,103,,793,,,0,108,,810,,,0,108,,795,,,0
2800,'1_merged_3768024',612,,3940,,,0,30,,3936,,,0,70,,3943,,,0,30,,3919,,,0,70,,3925,,,0,30,,3920,,,0,70,,3941,,,0,30,,3935,,,0,70,,3927,,,0,30,,3921,,,0,70,,3944,,,0,30,,3934,,,0,70,,3916,,,0,30,,3924,,,0,70,,3931,,,0,30,,3923,,,0,70,,3938,,,0,30,,3932,,,0,70,,3928,,,0,30,,3933,,,0,70,,3917,,,0,30,,3930,,,0,70,,3922,,,0,30,,3929,,,0,70,,3926,,,0,30,,3918,,,0,70,,3939,,,0,30,,3937,,,0,100,,3942,,,0,172,,3915,,,0
2800,'2_merged_3768026',642,,3958,,,0,100,,3956,,,0,100,,3954,,,0,100,,3957,,,0,100,,3947,,,0,100,,3945,,,0,100,,3951,,,0,100,,3952,,,0,100,,3948,,,0,100,,3953,,,0,100,,3949,,,0,100,,3950,,,0,100,,3946,,,0,100,,3955,,,0
2800,'3_merged_3768025',742,,3962,,,0,100,,3961,,,0,100,,3966,,,0,100,,3971,,,0,100,,3963,,,0,100,,3959,,,0,100,,3960,,,0,100,,3965,,,0,100,,3970,,,0,100,,3967,,,0,100,,3964,,,0,100,,3968,,,0,100,,3969,,,0
2800,'4',612,,3997,,,0,30,,3993,,,0,70,,4000,,,0,30,,3976,,,0,70,,3982,,,0,30,,3977,,,0,70,,3998,,,0,30,,3992,,,0,70,,3984,,,0,30,,3978,,,0,70,,4001,,,0,30,,3991,,,0,70,,3973,,,0,30,,3981,,,0,70,,3988,,,0,30,,3980,,,0,70,,3995,,,0,30,,3989,,,0,70,,3985,,,0,30,,3990,,,0,70,,3974,,,0,30,,3987,,,0,70,,3979,,,0,30,,3986,,,0,70,,3983,,,0,30,,3975,,,0,70,,3996,,,0,30,,3994,,,0,100,,3999,,,0,172,,3972,,,0
2800,'5',612,,4029,,,0,30,,4017,,,0,70,,4019,,,0,30,,4023,,,0,70,,4030,,,0,30,,4028,,,0,70,,4011,,,0,30,,4027,,,0,70,,4022,,,0,30,,4024,,,0,70,,4015,,,0,30,,4012,,,0,70,,4009,,,0,30,,4031,,,0,70,,4020,,,0,30,,4013,,,0,70,,4021,,,0,30,,4002,,,0,70,,4018,,,0,30,,4010,,,0,70,,4025,,,0,30,,4007,,,0,70,,4003,,,0,30,,4008,,,0,70,,4005,,,0,30,,4026,,,0,70,,4014,,,0,30,,4004,,,0,100,,4016,,,0,172,,4006,,,0
2008101,'5',722,,4866,0,14 15 16 1 17,0
