400,'1',845,,4230,28,0,53 45 20,1,100,,4235,28,0,53 45 20,1,100,,4229,28,0,53 45 20,1,100,,4228,28,0,53 45 20,1,100,,4233,28,0,53 45 20,1,100,,4231,28,0,53 45 20,1,100,,2758,28,0,53 45 20,1,100,,4232,28,0,53 45 20,1,100,,4226,28,0,53 45 20,1,100,,4234,28,0,53 45 20,1,100,,4236,28,0,53 45 20,1,100,,4227,28,0,53 45 20,1
400,'2',745,,4243,28,0,53 45 20,1,100,,4241,28,0,53 45 20,1,100,,3041,28,0,53 45 20,1,100,,3608,28,0,53 45 20,1,100,,3607,28,0,53 45 20,1,100,,4245,28,0,53 45 20,1,100,,3634,28,0,53 45 20,1,100,,4246,28,0,53 45 20,1,100,,2917,28,0,53 45 20,1,100,,3150,28,0,53 45 20,1,100,,4242,28,0,53 45 20,1,100,,4240,28,0,53 45 20,1,100,,4247,28,0,53 45 20,1,100,,4238,28,0,53 45 20,1,100,,4244,28,0,53 45 20,1,100,,4237,28,0,53 45 20,1
400,'3',646,,4249,28,0,53 45 20,1,74,,4259,28,0,53 45 20,1,27,,4250,28,0,53 45 20,1,59,,2449,28,0,53 45 20,1,31,,1055,28,0,53 45 20,1,20,,4248,28,0,53 45 20,1,64,,2358,28,0,53 45 20,1,26,,1903,28,0,53 45 20,1,65,,937,28,0,53 45 20,1,44,,4253,28,0,53 45 20,1,67,,4257,28,0,53 45 20,1,25,,196,28,0,53 45 20,1,81,,2517,28,0,53 45 20,1,30,,1743,28,0,53 45 20,1,65,,2267,28,0,53 45 20,1,81,,2495,28,0,53 45 20,1,30,,4251,28,0,53 45 20,1,65,,713,28,0,53 45 20,1,47,,4258,28,0,53 45 20,1,75,,4256,28,0,53 45 20,1,23,,3622,28,0,53 45 20,1,73,,4254,28,0,53 45 20,1,20,,3354,28,0,53 45 20,1,75,,1186,28,0,53 45 20,1,21,,4252,28,0,53 45 20,1,77,,132,28,0,53 45 20,1,19,,130,28,0,53 45 20,1,24,,1145,28,0,53 45 20,1,64,,344,28,0,53 45 20,1,28,,778,28,0,53 45 20,1,103,,3657,28,0,53 45 20,1,81,,4260,28,0,53 45 20,1,99,,4255,28,0,53 45 20,1,75,,3466,28,0,53 45 20,1
1001,'3',643,,4652,4,,,1,70,,4659,4,,,1,30,,3181,4,,,1,70,,4657,4,,,1,30,,4653,4,,,1,70,,1846,4,,,1,30,,1927,4,,,1,475,,4654,4,,,1,30,,2075,4,,,1,70,,1928,4,,,1,30,,4658,4,,,1,70,,743,4,,,1,30,,4656,4,,,1,70,,4655,4,,,1
1400,'1',844,,3341,4,,,1,100,,2642,4,,,1,100,,4769,4,,,1,100,,4766,4,,,1,100,,4773,4,,,1,100,,4765,4,,,1,100,,3288,4,,,1,100,,1756,4,,,1,100,,4772,4,,,1,100,,4768,4,,,1,100,,4770,4,,,1
1400,'2',744,,4784,4,,,1,100,,4783,4,,,1,100,,4798,4,,,1,100,,4788,4,,,1,100,,4791,4,,,1,100,,4790,4,,,1,100,,4799,4,,,1,100,,4781,4,,,1,100,,4796,4,,,1,100,,4786,4,,,1,100,,3922,4,,,1,100,,2895,4,,,1,100,,4785,4,,,1
1400,'3',630,,1421,4,,,1,70,,2363,4,,,1,30,,2173,4,,,1,70,,3910,4,,,1,30,,4808,4,,,1,85,,2498,4,,,1,99,,2579,4,,,1,100,,1105,4,,,1,100,,116,4,,,1,100,,1289,4,,,1,100,,4812,4,,,1,102,,4802,4,,,1,106,,4813,4,,,1,30,,1213,4,,,1,70,,2106,4,,,1,30,,4809,4,,,1,70,,4801,4,,,1,24,,3780,4,,,1,98,,4804,4,,,1
1500,'1',844,,4869,4,,,1,100,,4870,4,,,1,100,,4876,4,,,1,100,,3553,4,,,1,100,,4875,4,,,1,100,,4877,4,,,1,100,,4868,4,,,1,100,,4874,4,,,1,100,,4872,4,,,1,100,,4873,4,,,1,100,,3647,4,,,1,100,,4871,4,,,1
1500,'2',744,,4883,4,,,1,100,,4881,4,,,1,100,,4885,4,,,1,100,,3795,4,,,1,100,,2618,4,,,1,100,,4882,4,,,1,100,,1041,4,,,1,100,,4884,4,,,1,100,,4886,4,,,1,100,,1558,4,,,1,100,,4879,4,,,1,100,,4880,4,,,1,100,,4878,4,,,1
1500,'3',614,,3104,4,,,1,35,,1207,4,,,1,75,,998,4,,,1,32,,4893,4,,,1,78,,2871,4,,,1,75,,1184,4,,,1,32,,4892,4,,,1,72,,4889,4,,,1,32,,4894,4,,,1,72,,3653,4,,,1,32,,4887,4,,,1,72,,1124,4,,,1,32,,764,4,,,1,69,,3011,4,,,1,35,,260,4,,,1,66,,4895,4,,,1,78,,1151,4,,,1,34,,4890,4,,,1,75,,4891,4,,,1,35,,2233,4,,,1,75,,1512,4,,,1,85,,4888,4,,,1,30,,1859,4,,,1,75,,2840,4,,,1,104,,2365,4,,,1
1801,'1',814,,4960,4,,,1,100,,4957,4,,,1,100,,4956,4,,,1,100,,4958,4,,,1,100,,4961,4,,,1,100,,3138,4,,,1,100,,1759,4,,,1,100,,4963,4,,,1,100,,2656,4,,,1,100,,4962,4,,,1,100,,1467,4,,,1,100,,4959,4,,,1
1801,'2',714,,3715,4,,,1,100,,4969,4,,,1,100,,3443,4,,,1,100,,4972,4,,,1,100,,4965,4,,,1,100,,1713,4,,,1,100,,4964,4,,,1,100,,4967,4,,,1,100,,4968,4,,,1,100,,4970,4,,,1,100,,4966,4,,,1,100,,4971,4,,,1,100,,3763,4,,,1
1801,'3',614,,4981,4,,,1,30,,3848,4,,,1,70,,4973,4,,,1,30,,4985,4,,,1,70,,3008,4,,,1,30,,1665,4,,,1,70,,2503,4,,,1,30,,3346,4,,,1,70,,3264,4,,,1,30,,4986,4,,,1,70,,4978,4,,,1,30,,1050,4,,,1,70,,1283,4,,,1,30,,4983,4,,,1,70,,1800,4,,,1,30,,4984,4,,,1,70,,1630,4,,,1,30,,4979,4,,,1,70,,4977,4,,,1,30,,4974,4,,,1,76,,3729,4,,,1,30,,4980,4,,,1,70,,4976,4,,,1,30,,917,4,,,1,70,,1799,4,,,1,24,,3191,4,,,1,70,,775,4,,,1,100,,4975,4,,,1,100,,4982,4,,,1
2801,'1',844,,3335,4,,,1,100,,5164,4,,,1,100,,5160,4,,,1,100,,5162,4,,,1,100,,5158,4,,,1,100,,5163,4,,,1,100,,5161,4,,,1,100,,1466,4,,,1,100,,5159,4,,,1,100,,5165,4,,,1,100,,2572,4,,,1,100,,5167,4,,,1
2801,'2',644,,5172,4,,,1,100,,5175,4,,,1,100,,5176,4,,,1,100,,5178,4,,,1,100,,2698,4,,,1,100,,5173,4,,,1,100,,5170,4,,,1,100,,5168,4,,,1,100,,5169,4,,,1,100,,5171,4,,,1,100,,3874,4,,,1,100,,5174,4,,,1,100,,1474,4,,,1,100,,5177,4,,,1
2801,'3',614,,5181,4,,,1,30,,3193,4,,,1,70,,5180,4,,,1,30,,5187,4,,,1,70,,5182,4,,,1,30,,988,4,,,1,70,,5186,4,,,1,30,,3920,4,,,1,70,,1342,4,,,1,30,,1116,4,,,1,70,,981,4,,,1,30,,3900,4,,,1,70,,3140,4,,,1,30,,5179,4,,,1,70,,2719,4,,,1,30,,5192,4,,,1,70,,1418,4,,,1,30,,1838,4,,,1,70,,5183,4,,,1,30,,5191,4,,,1,76,,419,4,,,1,30,,5185,4,,,1,70,,5188,4,,,1,30,,1330,4,,,1,70,,3733,4,,,1,24,,5184,4,,,1,70,,3836,4,,,1,30,,2376,4,,,1,100,,5189,4,,,1,100,,5190,4,,,1
1001400,'1',814,,5293,4,0,23 24 20,1,100,,5296,4,0,23 24 20,1,100,,5288,4,0,23 24 20,1,100,,5286,4,0,23 24 20,1,100,,3893,4,0,23 24 20,1,100,,5285,4,0,23 24 20,1,100,,5287,4,0,23 24 20,1,100,,5298,4,0,23 24 20,1,100,,1370,4,0,23 24 20,1,100,,5292,4,0,23 24 20,1,100,,5291,4,0,23 24 20,1,100,,3894,4,0,23 24 20,1
1001400,'2',714,,5324,4,0,23 24 20,1,100,,2616,4,0,23 24 20,1,100,,524,4,0,23 24 20,1,100,,3511,4,0,23 24 20,1,100,,2783,4,0,23 24 20,1,100,,5321,4,0,23 24 20,1,100,,5318,4,0,23 24 20,1,100,,2819,4,0,23 24 20,1,100,,5320,4,0,23 24 20,1,100,,5311,4,0,23 24 20,1,100,,3415,4,0,23 24 20,1,100,,5309,4,0,23 24 20,1,100,,5316,4,0,23 24 20,1,100,,5305,4,0,23 24 20,1,100,,5323,4,0,23 24 20,1,100,,5315,4,0,23 24 20,1,130,,5322,4,0,25 3 26,1
1001400,'3',610,,2374,4,0,23 24 20,1,35,,254,4,0,23 24 20,1,70,,5327,4,0,23 24 20,1,30,,5338,4,0,23 24 20,1,70,,3174,4,0,23 24 20,1,30,,693,4,0,23 24 20,1,100,,5342,4,0,23 24 20,1,99,,5336,4,0,23 24 20,1,100,,5326,4,0,23 24 20,1,100,,5341,4,0,23 24 20,1,100,,5345,4,0,23 24 20,1,100,,5346,4,0,23 24 20,1,102,,2243,4,0,23 24 20,1,91,,5334,4,0,23 24 20,1,70,,2505,4,0,23 24 20,1,30,,5340,4,0,23 24 20,1,70,,2162,4,0,23 24 20,1,30,,5325,4,0,23 24 20,1,77,,3654,4,0,23 24 20,1,100,,1905,4,0,23 24 20,1,100,,2999,4,0,23 24 20,1,100,,747,4,0,23 24 20,1,130,,3823,4,0,25 3 26,1
