1400,'1',731,,2712,,,0,100,,2708,,,0,100,,2711,,,0,100,,2707,,,0,100,,2704,,,0,100,,2700,,,0,100,,2722,,,0,100,,2716,,,0,100,,2719,,,0,100,,2724,,,0,100,,2715,,,0,100,,2710,,,0,100,,2723,,,0,100,,2720,,,0
1400,'2',822,,2741,,,0,100,,2740,,,0,100,,2738,,,0,100,,2747,,,0,100,,2750,,,0,100,,2727,,,0,100,,2748,,,0,100,,2744,,,0,100,,2732,,,0,100,,2730,,,0,100,,2745,,,0,100,,2749,,,0,100,,2726,,,0
1400,'3',922,,2757,,,0,100,,2759,,,0,100,,2753,,,0,100,,2755,,,0,100,,2773,,,0,100,,2768,,,0,100,,2767,,,0,100,,2756,,,0,100,,2763,,,0,100,,2754,,,0,100,,2762,,,0
1400,'4',731,,2788,,,0,100,,2784,,,0,100,,2787,,,0,100,,2783,,,0,100,,2780,,,0,100,,2776,,,0,100,,2798,,,0,100,,2792,,,0,100,,2795,,,0,100,,2800,,,0,100,,2791,,,0,100,,2786,,,0,100,,2799,,,0,100,,2796,,,0
1400,'5',717,,2816,,,0,30,,2824,,,0,70,,2839,,,0,30,,2813,,,0,70,,2805,,,0,85,,2802,,,0,54,,2807,,,0,100,,2810,,,0,100,,2838,,,0,100,,2812,,,0,100,,2804,,,0,151,,2837,,,0,103,,2822,,,0,30,,2834,,,0,70,,2819,,,0,30,,2818,,,0,70,,2835,,,0,27,,2808,,,0,89,,2829,,,0
1001400,'1',654,,4516,0,23 24 20,0,100,,4540,0,23 24 20,0,100,,4529,0,23 24 20,0,100,,4530,0,23 24 20,0,100,,4526,0,23 24 20,0,100,,4536,0,23 24 20,0,100,,4523,0,23 24 20,0,100,,4515,0,23 24 20,0,100,,4543,0,23 24 20,0,100,,4527,0,23 24 20,0,100,,4518,0,23 24 20,0,100,,4528,0,23 24 20,0,100,,4517,0,23 24 20,0,100,,4511,0,23 24 20,0,100,,4539,0,23 24 20,0,100,,4531,0,23 24 20,0,100,,4541,0,23 24 20,0
1001400,'2',753,,4562,0,23 24 20,0,100,,4564,0,23 24 20,0,100,,4551,0,23 24 20,0,100,,4556,0,23 24 20,0,100,,4560,0,23 24 20,0,100,,4568,0,23 24 20,0,100,,4573,0,23 24 20,0,100,,4577,0,23 24 20,0,100,,4552,0,23 24 20,0,100,,4567,0,23 24 20,0,100,,4574,0,23 24 20,0,100,,4558,0,23 24 20,0,100,,4565,0,23 24 20,0,100,,4576,0,23 24 20,0,100,,4555,0,23 24 20,0,100,,4571,0,23 24 20,0
1001400,'3',853,,4589,0,23 24 20,0,100,,4590,0,23 24 20,0,100,,4602,0,23 24 20,0,100,,4592,0,23 24 20,0,100,,4584,0,23 24 20,0,100,,4599,0,23 24 20,0,100,,4579,0,23 24 20,0,100,,4598,0,23 24 20,0,100,,4581,0,23 24 20,0,100,,4587,0,23 24 20,0,100,,4593,0,23 24 20,0,100,,4583,0,23 24 20,0
1001400,'4',654,,4608,0,23 24 20,0,100,,4632,0,23 24 20,0,100,,4621,0,23 24 20,0,100,,4622,0,23 24 20,0,100,,4618,0,23 24 20,0,100,,4628,0,23 24 20,0,100,,4615,0,23 24 20,0,100,,4607,0,23 24 20,0,100,,4635,0,23 24 20,0,100,,4619,0,23 24 20,0,100,,4610,0,23 24 20,0,100,,4620,0,23 24 20,0,100,,4609,0,23 24 20,0,100,,4603,0,23 24 20,0,100,,4631,0,23 24 20,0,100,,4623,0,23 24 20,0,100,,4633,0,23 24 20,0
1001400,'5',656,,4665,0,23 24 20,0,75,,4675,0,23 24 20,0,70,,4668,0,23 24 20,0,30,,4664,0,23 24 20,0,70,,4667,0,23 24 20,0,30,,4682,0,23 24 20,0,100,,4654,0,23 24 20,0,95,,4677,0,23 24 20,0,100,,4643,0,23 24 20,0,100,,4660,0,23 24 20,0,100,,4663,0,23 24 20,0,100,,4646,0,23 24 20,0,110,,4652,0,23 24 20,0,88,,4651,0,23 24 20,0,30,,4666,0,23 24 20,0,70,,4644,0,23 24 20,0,30,,4669,0,23 24 20,0,70,,4657,0,23 24 20,0,32,,4671,0,23 24 20,0,100,,4656,0,23 24 20,0,100,,4676,0,23 24 20,0,100,,4659,0,23 24 20,0
