401,'1',852,,506,21,0,18 19 20,1,100,,500,21,0,18 19 20,1,100,,502,21,0,18 19 20,1,100,,497,21,0,18 19 20,1,100,,499,21,0,18 19 20,1,100,,507,21,0,18 19 20,1,100,,501,21,0,18 19 20,1,100,,504,21,0,18 19 20,1,100,,508,21,0,18 19 20,1,100,,496,21,0,18 19 20,1,100,,505,21,0,18 19 20,1,98,,498,21,0,21 20,1
401,'2',752,,518,21,0,18 19 20,1,100,,521,21,0,18 19 20,1,100,,509,21,0,18 19 20,1,100,,516,21,0,18 19 20,1,100,,513,21,0,18 19 20,1,100,,514,21,0,18 19 20,1,100,,517,21,0,18 19 20,1,100,,520,21,0,18 19 20,1,100,,511,21,0,18 19 20,1,100,,519,21,0,18 19 20,1,100,,510,21,0,18 19 20,1,100,,515,21,0,18 19 20,1,100,,524,21,0,18 19 20,1,100,,522,21,0,18 19 20,1,100,,523,21,0,18 19 20,1,100,,512,21,0,18 19 20,1
401,'3',624,,554,21,0,18 19 20,1,25,,545,21,0,18 19 20,1,62,,526,21,0,18 19 20,1,24,,543,21,0,18 19 20,1,24,,557,21,0,18 19 20,1,65,,534,21,0,18 19 20,1,25,,537,21,0,18 19 20,1,65,,558,21,0,18 19 20,1,44,,531,21,0,18 19 20,1,67,,555,21,0,18 19 20,1,25,,527,21,0,18 19 20,1,81,,550,21,0,18 19 20,1,70,,539,21,0,18 19 20,1,25,,529,21,0,18 19 20,1,81,,544,21,0,18 19 20,1,30,,547,21,0,18 19 20,1,65,,556,21,0,18 19 20,1,41,,530,21,0,18 19 20,1,73,,536,21,0,18 19 20,1,23,,533,21,0,18 19 20,1,73,,538,21,0,18 19 20,1,18,,553,21,0,18 19 20,1,74,,546,21,0,18 19 20,1,24,,549,21,0,18 19 20,1,76,,525,21,0,18 19 20,1,20,,540,21,0,18 19 20,1,30,,541,21,0,18 19 20,1,64,,551,21,0,18 19 20,1,30,,552,21,0,18 19 20,1,103,,535,21,0,18 19 20,1,81,,548,21,0,18 19 20,1,99,,532,21,0,18 19 20,1,75,,542,21,0,18 19 20,1,35,,528,21,0,18 19 20,1
1000,'3',735,,1140,20,,,1,70,,1135,20,,,1,30,,1143,20,,,1,70,,1137,20,,,1,30,,1131,20,,,1,70,,1142,20,,,1,30,,1138,20,,,1,472,,1139,30,,,1,30,,1141,30,,,1,70,,1136,30,,,1,30,,1144,30,,,1,70,,1133,30,,,1,30,,1132,30,,,1,70,,1134,30,,,1
1401,'1',837,,1463,29,,,1,100,,1450,29,,,1,100,,1459,29,,,1,100,,1456,29,,,1,100,,1469,29,,,1,100,,1460,29,,,1,100,,1465,29,,,1,100,,1462,29,,,1,100,,1454,29,,,1,100,,1452,29,,,1,100,,1451,29,,,1,100,,1457,29,,,1
1401,'2',737,,1495,29,,,1,100,,1480,29,,,1,100,,1470,29,,,1,100,,1489,29,,,1,100,,1487,29,,,1,100,,1473,29,,,1,100,,1497,29,,,1,100,,1494,29,,,1,100,,1485,29,,,1,100,,1488,29,,,1,100,,1486,29,,,1,100,,1479,29,,,1,100,,1493,29,,,1,100,,1472,29,,,1
1401,'3',642,,1527,29,,,1,73,,1536,29,,,1,30,,1530,29,,,1,70,,1502,29,,,1,30,,1534,29,,,1,70,,1523,29,,,1,30,,1535,29,,,1,91,,1516,29,,,1,100,,1510,29,,,1,100,,1505,29,,,1,100,,1519,29,,,1,100,,1521,29,,,1,100,,1501,29,,,1,112,,1511,29,,,1,100,,1529,29,,,1,70,,1508,29,,,1,30,,1537,29,,,1,70,,1499,29,,,1,30,,1513,29,,,1,88,,1512,29,,,1
1501,'1',837,,1596,39,,,1,100,,1599,39,,,1,100,,1588,39,,,1,100,,1595,39,,,1,100,,1593,39,,,1,100,,1589,39,,,1,100,,1590,39,,,1,100,,1591,39,,,1,100,,1592,39,,,1,100,,1597,39,,,1,100,,1598,39,,,1,100,,1594,39,,,1
1501,'2',737,,1609,39,,,1,100,,1605,39,,,1,100,,1611,39,,,1,100,,1603,39,,,1,100,,1604,39,,,1,100,,1600,39,,,1,100,,1608,39,,,1,100,,1612,39,,,1,100,,1607,39,,,1,100,,1610,39,,,1,100,,1606,39,,,1,100,,1601,39,,,1,100,,1602,39,,,1,100,,1613,39,,,1
1501,'3',637,,1625,39,,,1,77,,1630,39,,,1,35,,1628,39,,,1,75,,1631,39,,,1,32,,1634,39,,,1,78,,1626,39,,,1,72,,1635,39,,,1,30,,1620,39,,,1,72,,1632,39,,,1,32,,1629,39,,,1,72,,1614,39,,,1,32,,1636,39,,,1,72,,1627,39,,,1,32,,1621,39,,,1,69,,1618,39,,,1,35,,1615,39,,,1,72,,1639,39,,,1,32,,1622,39,,,1,79,,1616,39,,,1,75,,1617,39,,,1,35,,1623,39,,,1,75,,1637,39,,,1,85,,1624,39,,,1,32,,1619,39,,,1,70,,1638,39,,,1,102,,1633,39,,,1
1800,'1',837,,1640,26,,,1,100,,1643,26,,,1,100,,1649,26,,,1,100,,1645,26,,,1,100,,1651,26,,,1,100,,1644,26,,,1,100,,1647,26,,,1,100,,1641,26,,,1,100,,1648,26,,,1,100,,1642,26,,,1,100,,1650,26,,,1,100,,1646,26,,,1
1800,'2',737,,1652,26,,,1,100,,1653,26,,,1,100,,1659,26,,,1,100,,1661,26,,,1,100,,1656,26,,,1,100,,1660,26,,,1,100,,1654,26,,,1,100,,1663,26,,,1,100,,1664,26,,,1,100,,1657,26,,,1,100,,1655,26,,,1,100,,1658,26,,,1,100,,1662,26,,,1
1800,'3',637,,1669,26,,,1,70,,1670,26,,,1,30,,1694,26,,,1,70,,1680,26,,,1,30,,1667,26,,,1,70,,1685,26,,,1,30,,1690,26,,,1,70,,1668,26,,,1,30,,1688,26,,,1,70,,1683,26,,,1,30,,1665,26,,,1,70,,1692,26,,,1,30,,1684,26,,,1,70,,1672,26,,,1,30,,1681,26,,,1,70,,1676,26,,,1,30,,1673,26,,,1,70,,1675,26,,,1,30,,1677,26,,,1,70,,1666,26,,,1,30,,1679,26,,,1,70,,1691,26,,,1,30,,1689,26,,,1,70,,1686,26,,,1,30,,1671,26,,,1,70,,1693,26,,,1,30,,1682,26,,,1,70,,1678,26,,,1,30,,1687,26,,,1,100,,1674,26,,,1
2800,'1',807,,1989,36,,,1,100,,2001,39,,,1,100,,1993,39,,,1,100,,1998,39,,,1,100,,1990,39,,,1,100,,1999,39,,,1,100,,2000,39,,,1,100,,1992,39,,,1,100,,1997,39,,,1,100,,1994,39,,,1,100,,1991,39,,,1,100,,1995,39,,,1,100,,1996,39,,,1
2800,'2',707,,2012,36,,,1,100,,2010,39,,,1,100,,2008,39,,,1,100,,2011,39,,,1,100,,2015,39,,,1,100,,2013,39,,,1,100,,2005,39,,,1,100,,2006,39,,,1,100,,2002,39,,,1,100,,2007,39,,,1,100,,2003,39,,,1,100,,2004,39,,,1,100,,2014,39,,,1,100,,2009,39,,,1
2800,'3',637,,2018,39,,,1,70,,2044,39,,,1,30,,2019,39,,,1,70,,2028,39,,,1,30,,2023,39,,,1,70,,2038,39,,,1,30,,2020,39,,,1,70,,2037,39,,,1,30,,2039,39,,,1,70,,2025,39,,,1,30,,2027,39,,,1,70,,2022,39,,,1,30,,2030,39,,,1,70,,2036,39,,,1,30,,2041,39,,,1,70,,2045,39,,,1,30,,2031,39,,,1,70,,2029,39,,,1,30,,2034,39,,,1,70,,2035,39,,,1,30,,2033,39,,,1,70,,2026,39,,,1,30,,2024,39,,,1,70,,2042,39,,,1,30,,2040,39,,,1,70,,2021,39,,,1,30,,2032,39,,,1,70,,2016,39,,,1,100,,2017,39,,,1,131,,2043,39,,,1
8301,'3',1509,,2240,26,0,21 20,1
1001401,'1',807,,2385,14,0,23 21 20,1,100,,2399,29,0,23 21 20,1,100,,2397,29,0,23 21 20,1,100,,2393,29,0,23 21 20,1,100,,2406,29,0,23 21 20,1,100,,2388,29,0,23 21 20,1,100,,2386,29,0,23 21 20,1,100,,2405,29,0,23 21 20,1,100,,2390,29,0,23 21 20,1,100,,2408,29,0,23 21 20,1,100,,2392,29,0,23 21 20,1,100,,2403,29,0,23 21 20,1,100,,2402,29,0,23 21 20,1
1001401,'2',707,,2441,14,0,23 21 20,1,100,,2443,29,0,23 21 20,1,100,,2429,29,0,23 21 20,1,100,,2444,29,0,23 21 20,1,100,,2416,29,0,23 21 20,1,100,,2425,29,0,23 21 20,1,100,,2440,29,0,23 21 20,1,100,,2411,29,0,23 21 20,1,100,,2438,29,0,23 21 20,1,100,,2442,29,0,23 21 20,1,100,,2418,29,0,23 21 20,1,100,,2436,29,0,23 21 20,1,100,,2410,29,0,23 21 20,1,100,,2413,29,0,23 21 20,1,100,,2437,29,0,23 21 20,1,100,,2422,29,0,23 21 20,1,100,,2417,29,0,23 21 20,1,52,,2430,29,0,23 21 20,1
1001401,'3',607,,2491,14,0,23 21 20,1,52,,2479,29,0,23 21 20,1,73,,2484,29,0,23 21 20,1,70,,2487,29,0,23 21 20,1,30,,2466,29,0,23 21 20,1,70,,2461,29,0,23 21 20,1,28,,2447,29,0,23 21 20,1,74,,2471,29,0,23 21 20,1,100,,2448,29,0,23 21 20,1,100,,2460,29,0,23 21 20,1,100,,2470,29,0,23 21 20,1,100,,2452,29,0,23 21 20,1,100,,2445,29,0,23 21 20,1,113,,2478,29,0,23 21 20,1,100,,2481,29,0,23 21 20,1,85,,2446,29,0,23 21 20,1,30,,2472,29,0,23 21 20,1,70,,2486,29,0,23 21 20,1,30,,2455,29,0,23 21 20,1,72,,2450,29,0,23 21 20,1,100,,2467,29,0,23 21 20,1,100,,2468,29,0,23 21 20,1,100,,2477,29,0,23 21 20,1,99,,2456,29,0,23 21 20,1
