300,'1',834,,4131,44,4,,1,100,,4132,44,4,,1,100,,4124,44,4,,1,100,,4126,44,4,,1,100,,4128,44,4,,1,100,,3163,44,4,,1,100,,4134,44,4,,1,100,,4127,44,4,,1,100,,4129,44,4,,1,100,,4125,44,4,,1,100,,4133,44,4,,1,100,,4130,44,4,,1
300,'2',734,,4147,44,4,,1,70,,4137,44,4,,1,30,,4139,44,4,,1,70,,4156,44,4,,1,30,,3308,44,4,,1,70,,4135,44,4,,1,30,,1038,44,4,,1,70,,4146,44,4,,1,30,,2680,44,4,,1,70,,4150,44,4,,1,30,,4143,44,4,,1,70,,4154,44,4,,1,30,,4149,44,4,,1,70,,4138,44,4,,1,30,,4144,44,4,,1,70,,4145,44,4,,1,30,,3442,44,4,,1,70,,3274,44,4,,1,30,,4141,44,4,,1,70,,3040,44,4,,1,30,,3604,44,4,,1,70,,4153,44,4,,1,30,,4155,44,4,,1,70,,4151,44,4,,1,30,,2697,44,4,,1,70,,4142,44,4,,1,30,,4136,44,4,,1,100,,4152,44,4,,1,100,,4140,44,4,,1,106,,4148,44,4,,1
300,'3',625,,4169,44,4,,1,77,,4159,44,4,,1,20,,4174,44,4,,1,26,,719,44,4,,1,62,,3844,44,4,,1,26,,4170,44,4,,1,23,,265,44,4,,1,65,,3620,44,4,,1,23,,4164,44,4,,1,60,,193,44,4,,1,25,,1912,44,4,,1,23,,4166,44,4,,1,60,,4173,44,4,,1,25,,4165,44,4,,1,63,,2119,44,4,,1,20,,4160,44,4,,1,25,,3177,44,4,,1,63,,3917,44,4,,1,20,,4162,44,4,,1,25,,2870,44,4,,1,63,,4157,44,4,,1,20,,544,44,4,,1,65,,4171,44,4,,1,23,,4167,44,4,,1,20,,4172,44,4,,1,70,,3400,44,4,,1,23,,4163,44,4,,1,65,,2734,44,4,,1,30,,4158,44,4,,1,22,,556,44,4,,1,56,,3178,44,4,,1,30,,955,44,4,,1,67,,4168,44,4,,1,24,,4161,44,4,,1,69,,2375,44,4,,1,11,,3351,44,4,,1,23,,992,44,4,,1,69,,3502,44,4,,1,103,,3258,44,4,,1,108,,3254,44,4,,1
301,'1',837,,4185,1,,,1,100,,4184,1,,,1,100,,4181,1,,,1,100,,4182,1,,,1,100,,4177,1,,,1,100,,4183,1,,,1,100,,4175,1,,,1,100,,4179,1,,,1,100,,1087,1,,,1,100,,4176,1,,,1,100,,4180,1,,,1,100,,4178,1,,,1
301,'2',707,,4197,1,,,1,30,,4190,1,,,1,70,,2816,1,,,1,30,,1480,1,,,1,70,,4187,1,,,1,30,,4202,1,,,1,70,,2792,1,,,1,30,,4186,1,,,1,70,,4192,1,,,1,30,,4194,1,,,1,70,,43,1,,,1,30,,2537,1,,,1,70,,4196,1,,,1,30,,4193,1,,,1,70,,4198,1,,,1,30,,4188,1,,,1,70,,4204,1,,,1,30,,3373,1,,,1,70,,4205,1,,,1,30,,2700,1,,,1,70,,4195,1,,,1,30,,4191,1,,,1,70,,4206,1,,,1,30,,1100,1,,,1,70,,4203,1,,,1,30,,4199,1,,,1,100,,1955,1,,,1,100,,4200,1,,,1,100,,4201,1,,,1,103,,4189,1,,,1
301,'3',556,,3186,1,,,1,60,,224,1,,,1,24,,4220,1,,,1,64,,927,1,,,1,26,,3302,1,,,1,23,,1866,1,,,1,59,,4217,1,,,1,29,,4219,1,,,1,63,,202,1,,,1,25,,4214,1,,,1,23,,3529,1,,,1,60,,4218,1,,,1,25,,704,1,,,1,63,,3742,1,,,1,20,,3458,1,,,1,25,,4222,1,,,1,63,,2858,1,,,1,20,,314,1,,,1,25,,3814,1,,,1,63,,4215,1,,,1,20,,4224,1,,,1,65,,4213,1,,,1,23,,4212,1,,,1,20,,3252,1,,,1,65,,4216,1,,,1,23,,3666,1,,,1,20,,4210,1,,,1,70,,4225,1,,,1,23,,2213,1,,,1,60,,4209,1,,,1,30,,4223,1,,,1,23,,2526,1,,,1,60,,962,1,,,1,30,,4207,1,,,1,63,,3105,1,,,1,23,,4211,1,,,1,69,,1324,1,,,1,103,,4221,1,,,1,108,,4208,1,,,1,108,,3209,1,,,1
1400,'1',904,,3341,30,4,,1,3,,4774,1,,,1,97,,2642,30,4,,1,3,,3486,1,,,1,97,,4769,30,4,,1,3,,3767,1,,,1,97,,4766,30,4,,1,3,,4775,1,,,1,97,,4773,30,4,,1,3,,4778,1,,,1,97,,4765,30,4,,1,3,,4767,1,,,1,97,,3288,30,4,,1,3,,4780,1,,,1,97,,1756,30,4,,1,3,,4777,1,,,1,97,,4772,30,4,,1,3,,4776,1,,,1,97,,4768,30,4,,1,3,,4779,1,,,1,97,,4770,30,4,,1,3,,4771,1,,,1
1400,'2',804,,4784,30,4,,1,3,,4789,1,,,1,97,,4783,30,4,,1,3,,625,1,,,1,97,,4798,30,4,,1,3,,4787,1,,,1,97,,4788,30,4,,1,3,,4792,1,,,1,97,,4791,30,4,,1,3,,4795,1,,,1,97,,4790,30,4,,1,3,,2921,1,,,1,97,,4799,30,4,,1,3,,4793,1,,,1,97,,4781,30,4,,1,3,,3316,1,,,1,97,,4796,30,4,,1,3,,4782,1,,,1,97,,4786,30,4,,1,3,,4800,1,,,1,97,,3922,30,4,,1,3,,2628,1,,,1,97,,2895,30,4,,1,3,,4794,1,,,1,97,,4785,30,4,,1,3,,4797,1,,,1
1400,'3',655,,1421,30,4,,1,3,,3908,1,,,1,67,,2363,30,4,,1,3,,4807,1,,,1,27,,2173,30,4,,1,3,,4803,1,,,1,67,,3910,30,4,,1,3,,3816,1,,,1,27,,4808,30,4,,1,3,,4805,1,,,1,82,,2498,30,4,,1,3,,681,1,,,1,92,,2579,30,4,,1,3,,2478,1,,,1,97,,1105,30,4,,1,3,,2446,1,,,1,97,,116,30,4,,1,3,,2672,1,,,1,97,,1289,30,4,,1,3,,241,1,,,1,97,,4812,30,4,,1,3,,2610,1,,,1,104,,4802,30,4,,1,3,,1523,1,,,1,103,,4813,30,4,,1,70,,1213,30,4,,1,30,,2106,30,4,,1,70,,4809,30,4,,1,30,,4801,30,4,,1,64,,3780,30,4,,1,3,,1860,1,,,1,90,,4804,30,4,,1,3,,3854,1,,,1
1401,'1',807,,4824,28,4,,1,5,,4825,1,,,1,95,,4829,39,4,,1,5,,4826,1,,,1,95,,4819,39,4,,1,5,,2828,1,,,1,95,,3487,39,4,,1,5,,4816,1,,,1,95,,3886,39,4,,1,5,,4820,1,,,1,95,,4817,39,4,,1,5,,4818,1,,,1,95,,4828,39,4,,1,5,,4827,1,,,1,95,,2709,39,4,,1,5,,4821,1,,,1,95,,2931,39,4,,1,5,,4814,1,,,1,95,,4815,39,4,,1,5,,3379,1,,,1,95,,4830,39,4,,1,5,,4822,1,,,1,95,,4823,39,4,,1,5,,2757,1,,,1
1401,'2',707,,4836,28,4,,1,5,,190,1,,,1,95,,4844,39,4,,1,5,,4838,1,,,1,95,,4839,39,4,,1,5,,4831,1,,,1,95,,2682,39,4,,1,5,,4842,1,,,1,95,,4832,39,4,,1,5,,3045,1,,,1,95,,2746,39,4,,1,5,,3633,1,,,1,95,,2621,39,4,,1,5,,2638,1,,,1,95,,4843,39,4,,1,5,,2924,1,,,1,95,,4834,39,4,,1,5,,48,1,,,1,95,,2914,39,4,,1,5,,4841,1,,,1,95,,3151,39,4,,1,5,,4840,1,,,1,95,,4846,39,4,,1,5,,4837,1,,,1,95,,2742,39,4,,1,5,,4845,1,,,1,95,,4835,39,4,,1,5,,4833,1,,,1
1401,'3',610,,4862,28,4,,1,5,,4864,1,,,1,28,,4852,39,4,,1,5,,4847,1,,,1,65,,4856,39,4,,1,5,,3779,1,,,1,25,,97,39,4,,1,5,,4849,1,,,1,65,,3576,39,4,,1,5,,782,1,,,1,25,,2121,39,4,,1,5,,3541,1,,,1,65,,4854,39,4,,1,5,,4848,1,,,1,90,,4858,39,4,,1,5,,4851,1,,,1,95,,4855,39,4,,1,5,,4853,1,,,1,95,,195,39,4,,1,5,,3407,1,,,1,95,,3259,39,4,,1,5,,4860,1,,,1,95,,4866,39,4,,1,5,,3261,1,,,1,95,,4861,39,4,,1,5,,4857,1,,,1,104,,3833,39,4,,1,5,,4863,1,,,1,95,,1150,39,4,,1,5,,1535,1,,,1,25,,2802,39,4,,1,5,,4859,1,,,1,65,,768,39,4,,1,5,,1811,1,,,1,25,,4865,39,4,,1,5,,4850,1,,,1,65,,2853,39,4,,1,5,,4867,1,,,1,86,,2228,39,4,,1,5,,3462,1,,,1
1500,'1',907,,4869,43,4,,1,100,,4870,43,4,,1,100,,4876,43,4,,1,100,,3553,43,4,,1,100,,4875,43,4,,1,100,,4877,43,4,,1,100,,4868,43,4,,1,100,,4874,43,4,,1,100,,4872,43,4,,1,100,,4873,43,4,,1,100,,3647,43,4,,1,100,,4871,43,4,,1
1500,'2',807,,4883,43,4,,1,100,,4881,43,4,,1,100,,4885,43,4,,1,100,,3795,43,4,,1,100,,2618,43,4,,1,100,,4882,43,4,,1,100,,1041,43,4,,1,100,,4884,43,4,,1,100,,4886,43,4,,1,100,,1558,43,4,,1,100,,4879,43,4,,1,100,,4880,43,4,,1,100,,4878,43,4,,1
1500,'3',641,,3104,43,4,,1,75,,1207,43,4,,1,35,,998,43,4,,1,72,,4893,43,4,,1,78,,2871,43,4,,1,35,,1184,43,4,,1,70,,4892,43,4,,1,32,,4889,43,4,,1,72,,4894,43,4,,1,32,,3653,43,4,,1,72,,4887,43,4,,1,32,,1124,43,4,,1,72,,764,43,4,,1,29,,3011,43,4,,1,75,,260,43,4,,1,26,,4895,43,4,,1,78,,1151,43,4,,1,76,,4890,43,4,,1,35,,4891,43,4,,1,75,,2233,43,4,,1,35,,1512,43,4,,1,85,,4888,43,4,,1,70,,1859,43,4,,1,35,,2840,43,4,,1,100,,2365,43,4,,1
1501,'1',808,,3450,1,,,1,100,,3449,1,,,1,100,,4901,1,,,1,100,,3954,1,,,1,100,,2959,1,,,1,100,,3279,1,,,1,100,,4896,1,,,1,100,,4902,1,,,1,100,,4899,1,,,1,100,,4897,1,,,1,100,,4898,1,,,1,100,,4900,1,,,1
1501,'2',708,,4912,1,,,1,100,,4908,1,,,1,100,,4914,1,,,1,100,,4906,1,,,1,100,,4907,1,,,1,100,,4903,1,,,1,100,,4911,1,,,1,100,,4915,1,,,1,100,,4910,1,,,1,100,,4913,1,,,1,100,,4909,1,,,1,100,,4904,1,,,1,100,,4905,1,,,1,100,,3946,1,,,1
1501,'3',608,,1854,1,,,1,34,,966,1,,,1,75,,2520,1,,,1,35,,3909,1,,,1,72,,2453,1,,,1,78,,4919,1,,,1,35,,1117,1,,,1,70,,3598,1,,,1,32,,3784,1,,,1,72,,337,1,,,1,32,,4916,1,,,1,72,,203,1,,,1,32,,4920,1,,,1,72,,2462,1,,,1,29,,2671,1,,,1,75,,2581,1,,,1,32,,4918,1,,,1,72,,2353,1,,,1,76,,1959,1,,,1,35,,2838,1,,,1,75,,3822,1,,,1,35,,4917,1,,,1,85,,2027,1,,,1,72,,1841,1,,,1,33,,1340,1,,,1,102,,1346,1,,,1
1001400,'1',834,,5293,30,4,,1,3,,5290,1,0,23 24 20,1,97,,5296,30,4,,1,3,,5289,1,0,23 24 20,1,97,,5288,30,4,,1,3,,5300,1,0,23 24 20,1,97,,5286,30,4,,1,3,,2963,1,0,23 24 20,1,97,,3893,30,4,,1,3,,5294,1,0,23 24 20,1,97,,5285,30,4,,1,3,,5284,1,0,23 24 20,1,97,,5287,30,4,,1,3,,3878,1,0,23 24 20,1,97,,5298,30,4,,1,3,,5295,1,0,23 24 20,1,97,,1370,30,4,,1,3,,5299,1,0,23 24 20,1,97,,5292,30,4,,1,3,,5283,1,0,23 24 20,1,97,,5291,30,4,,1,3,,5297,1,0,23 24 20,1,97,,3894,30,4,,1,3,,5301,1,0,23 24 20,1
1001400,'2',734,,5324,30,4,,1,3,,5312,1,0,23 24 20,1,97,,2616,30,4,,1,3,,3865,1,0,23 24 20,1,97,,524,30,4,,1,3,,5302,1,0,23 24 20,1,97,,3511,30,4,,1,3,,5307,1,0,23 24 20,1,97,,2783,30,4,,1,3,,5310,1,0,23 24 20,1,97,,5321,30,4,,1,3,,3868,1,0,23 24 20,1,97,,5318,30,4,,1,3,,5319,1,0,23 24 20,1,97,,2819,30,4,,1,3,,5314,1,0,23 24 20,1,97,,5320,30,4,,1,3,,5304,1,0,23 24 20,1,97,,5311,30,4,,1,3,,5303,1,0,23 24 20,1,97,,3415,30,4,,1,3,,383,1,0,23 24 20,1,97,,5309,30,4,,1,3,,5308,1,0,23 24 20,1,97,,5316,30,4,,1,3,,5313,1,0,23 24 20,1,97,,5305,30,4,,1,3,,3873,1,0,23 24 20,1,97,,5323,30,4,,1,3,,5306,1,0,23 24 20,1,97,,5315,30,4,,1,3,,5317,1,0,23 24 20,1,167,,5322,30,0,25 3 26,1
1001400,'3',634,,2374,30,4,,1,3,,3965,1,0,23 24 20,1,72,,254,30,4,,1,3,,5333,1,0,23 24 20,1,27,,5327,30,4,,1,3,,3744,1,0,23 24 20,1,67,,5338,30,4,,1,3,,5332,1,0,23 24 20,1,27,,3174,30,4,,1,3,,5339,1,0,23 24 20,1,67,,693,30,4,,1,3,,1069,1,0,23 24 20,1,97,,5342,30,4,,1,3,,3964,1,0,23 24 20,1,93,,5336,30,4,,1,3,,3595,1,0,23 24 20,1,97,,5326,30,4,,1,3,,5343,1,0,23 24 20,1,97,,5341,30,4,,1,3,,2371,1,0,23 24 20,1,97,,5345,30,4,,1,3,,5344,1,0,23 24 20,1,97,,5346,30,4,,1,3,,5337,1,0,23 24 20,1,104,,2243,30,4,,1,3,,1631,1,0,23 24 20,1,88,,5334,30,4,,1,30,,2505,30,4,,1,70,,5340,30,4,,1,30,,2162,30,4,,1,70,,5325,30,4,,1,32,,3654,30,4,,1,3,,3197,1,0,23 24 20,1,97,,1905,30,4,,1,3,,5329,1,0,23 24 20,1,97,,2999,30,4,,1,3,,2151,1,0,23 24 20,1,97,,747,30,4,,1,3,,5328,1,0,23 24 20,1,166,,3823,30,0,25 3 26,1
1001401,'1',842,,3339,1,0,23 21 20,1,100,,792,1,0,23 21 20,1,100,,3947,1,0,23 21 20,1,100,,5362,1,0,23 21 20,1,100,,5355,1,0,23 21 20,1,100,,5361,1,0,23 21 20,1,100,,5348,1,0,23 21 20,1,100,,5351,1,0,23 21 20,1,100,,5349,1,0,23 21 20,1,100,,3948,1,0,23 21 20,1,100,,5360,1,0,23 21 20,1,100,,5358,1,0,23 21 20,1
1001401,'2',742,,5388,1,0,23 21 20,1,100,,1833,1,0,23 21 20,1,100,,2925,1,0,23 21 20,1,100,,5368,1,0,23 21 20,1,100,,3473,1,0,23 21 20,1,100,,5386,1,0,23 21 20,1,100,,1384,1,0,23 21 20,1,100,,5384,1,0,23 21 20,1,100,,5380,1,0,23 21 20,1,100,,2737,1,0,23 21 20,1,100,,5383,1,0,23 21 20,1,100,,5365,1,0,23 21 20,1,100,,1236,1,0,23 21 20,1,100,,5382,1,0,23 21 20,1,100,,5373,1,0,23 21 20,1,100,,5369,1,0,23 21 20,1,95,,5370,44,4,,1,3,,5375,1,0,23 21 20,1
1001401,'3',627,,5403,29,4,,1,5,,2986,1,0,23 21 20,1,68,,999,40,4,,1,5,,5389,1,0,23 21 20,1,25,,5404,40,4,,1,5,,124,1,0,23 21 20,1,65,,5411,40,4,,1,5,,2109,1,0,23 21 20,1,25,,5398,40,4,,1,5,,708,1,0,23 21 20,1,23,,199,44,4,,1,45,,1420,1,0,23 21 20,1,33,,789,44,4,,1,5,,5391,1,0,23 21 20,1,95,,5410,44,4,,1,5,,1047,1,0,23 21 20,1,95,,5390,44,4,,1,5,,5407,1,0,23 21 20,1,95,,3746,44,4,,1,5,,5401,1,0,23 21 20,1,95,,2494,44,4,,1,5,,5409,1,0,23 21 20,1,95,,5402,44,4,,1,5,,2102,1,0,23 21 20,1,105,,3496,44,4,,1,5,,2343,1,0,23 21 20,1,95,,421,44,4,,1,5,,58,1,0,23 21 20,1,83,,5408,44,4,,1,2,,2597,1,0,23 21 20,1,68,,5400,44,4,,1,2,,5394,1,0,23 21 20,1,28,,5392,44,4,,1,2,,5395,1,0,23 21 20,1,68,,397,44,4,,1,2,,5399,1,0,23 21 20,1,30,,5397,44,4,,1,5,,1962,1,0,23 21 20,1,95,,3432,44,4,,1,5,,5396,1,0,23 21 20,1,95,,5406,44,4,,1,5,,2575,1,0,23 21 20,1,98,,2525,44,4,,1,2,,5405,1,0,23 21 20,1,98,,2725,44,4,,1,1,,5393,1,0,23 21 20,1
