101,'1',742,,138,2,0,39 1 9,1,70,,146,2,0,39 1 9,1,30,,136,2,0,39 1 9,1,70,,153,2,0,39 1 9,1,30,,144,2,0,39 1 9,1,70,,158,2,0,39 1 9,1,30,,151,2,0,39 1 9,1,70,,157,2,0,39 1 9,1,30,,143,2,0,39 1 9,1,70,,139,2,0,39 1 9,1,30,,156,2,0,39 1 9,1,70,,152,2,0,39 1 9,1,30,,145,2,0,39 1 9,1,70,,149,2,0,39 1 9,1,30,,142,2,0,39 1 9,1,70,,154,2,0,39 1 9,1,30,,159,2,0,39 1 9,1,70,,148,2,0,39 1 9,1,30,,147,2,0,39 1 9,1,70,,150,2,0,39 1 9,1,30,,137,2,0,39 1 9,1,70,,141,2,0,39 1 9,1,30,,135,2,0,39 1 9,1,70,,155,2,0,39 1 9,1,30,,140,2,0,39 1 9,1
101,'2',642,,183,2,0,39 1 9,1,70,,181,2,0,39 1 9,1,30,,161,2,0,39 1 9,1,70,,172,2,0,39 1 9,1,30,,171,2,0,39 1 9,1,70,,187,2,0,39 1 9,1,30,,185,2,0,39 1 9,1,70,,173,2,0,39 1 9,1,30,,179,2,0,39 1 9,1,70,,180,2,0,39 1 9,1,30,,178,2,0,39 1 9,1,70,,175,2,0,39 1 9,1,30,,177,2,0,39 1 9,1,70,,186,2,0,39 1 9,1,30,,163,2,0,39 1 9,1,70,,167,2,0,39 1 9,1,30,,165,2,0,39 1 9,1,70,,190,2,0,39 1 9,1,30,,182,2,0,39 1 9,1,70,,189,2,0,39 1 9,1,30,,170,2,0,39 1 9,1,70,,168,2,0,39 1 9,1,30,,184,2,0,39 1 9,1,70,,166,2,0,39 1 9,1,30,,188,2,0,39 1 9,1,70,,169,2,0,39 1 9,1,30,,176,2,0,39 1 9,1,70,,164,2,0,39 1 9,1,30,,160,2,0,39 1 9,1,100,,174,2,0,39 1 9,1,100,,162,2,0,39 1 9,1
101,'3',542,,266,2,0,39 1 9,1,10,,256,2,0,39 1 9,1,50,,265,2,0,39 1 9,1,10,,221,2,0,39 1 9,1,10,,257,2,0,39 1 9,1,10,,250,2,0,39 1 9,1,10,,254,2,0,39 1 9,1,10,,212,2,0,39 1 9,1,50,,218,2,0,39 1 9,1,10,,239,2,0,39 1 9,1,10,,226,2,0,39 1 9,1,10,,206,2,0,39 1 9,1,10,,228,2,0,39 1 9,1,10,,200,2,0,39 1 9,1,50,,267,2,0,39 1 9,1,10,,224,2,0,39 1 9,1,10,,230,2,0,39 1 9,1,10,,216,2,0,39 1 9,1,10,,233,2,0,39 1 9,1,10,,213,2,0,39 1 9,1,50,,255,2,0,39 1 9,1,15,,202,2,0,39 1 9,1,15,,247,2,0,39 1 9,1,15,,193,2,0,39 1 9,1,55,,240,2,0,39 1 9,1,15,,235,2,0,39 1 9,1,15,,203,2,0,39 1 9,1,15,,238,2,0,39 1 9,1,55,,208,2,0,39 1 9,1,15,,248,2,0,39 1 9,1,15,,225,2,0,39 1 9,1,15,,253,2,0,39 1 9,1,55,,260,2,0,39 1 9,1,15,,261,2,0,39 1 9,1,15,,263,2,0,39 1 9,1,15,,194,2,0,39 1 9,1,55,,223,2,0,39 1 9,1,15,,215,2,0,39 1 9,1,15,,211,2,0,39 1 9,1,15,,214,2,0,39 1 9,1,55,,199,2,0,39 1 9,1,15,,268,2,0,39 1 9,1,15,,197,2,0,39 1 9,1,15,,236,2,0,39 1 9,1,55,,234,2,0,39 1 9,1,10,,243,2,0,39 1 9,1,10,,237,2,0,39 1 9,1,10,,198,2,0,39 1 9,1,10,,209,2,0,39 1 9,1,10,,231,2,0,39 1 9,1,50,,249,2,0,39 1 9,1,10,,244,2,0,39 1 9,1,10,,220,2,0,39 1 9,1,10,,227,2,0,39 1 9,1,10,,229,2,0,39 1 9,1,10,,246,2,0,39 1 9,1,50,,207,2,0,39 1 9,1,10,,259,2,0,39 1 9,1,10,,219,2,0,39 1 9,1,10,,242,2,0,39 1 9,1,10,,192,2,0,39 1 9,1,10,,204,2,0,39 1 9,1,50,,201,2,0,39 1 9,1,10,,195,2,0,39 1 9,1,10,,217,2,0,39 1 9,1,10,,232,2,0,39 1 9,1,10,,241,2,0,39 1 9,1,10,,222,2,0,39 1 9,1,60,,210,2,0,39 1 9,1,30,,196,2,0,39 1 9,1,70,,258,2,0,39 1 9,1,30,,205,2,0,39 1 9,1,70,,264,2,0,39 1 9,1,30,,245,2,0,39 1 9,1,70,,252,2,0,39 1 9,1,30,,262,2,0,39 1 9,1,70,,191,2,0,39 1 9,1,30,,251,2,0,11 12,1
1301,'1',843,,1296,2,,,1,100,,1293,2,,,1,100,,1299,2,,,1,100,,1294,2,,,1,100,,1304,2,,,1,100,,1303,2,,,1,100,,1300,2,,,1,100,,1301,2,,,1,100,,1295,2,,,1,100,,1297,2,,,1,100,,1298,2,,,1
1301,'2',743,,1306,2,,,1,100,,1319,2,,,1,100,,1318,2,,,1,100,,1307,2,,,1,100,,1313,2,,,1,100,,1308,2,,,1,100,,1305,2,,,1,100,,1312,2,,,1,100,,1315,2,,,1,100,,1311,2,,,1,100,,1316,2,,,1,100,,1310,2,,,1,100,,1320,2,,,1,100,,1309,2,,,1,100,,1314,2,,,1
1301,'3',603,,1328,2,,,1,35,,1342,2,,,1,70,,1344,2,,,1,25,,1331,2,,,1,70,,1329,2,,,1,34,,1354,2,,,1,70,,1325,2,,,1,30,,1321,2,,,1,65,,1350,2,,,1,25,,1336,2,,,1,25,,1324,2,,,1,65,,1356,2,,,1,25,,1346,2,,,1,65,,1333,2,,,1,25,,1345,2,,,1,25,,1330,2,,,1,65,,1358,2,,,1,25,,1326,2,,,1,66,,1337,2,,,1,25,,1332,2,,,1,70,,1347,2,,,1,30,,1343,2,,,1,15,,1355,2,,,1,65,,1322,2,,,1,30,,1338,2,,,1,70,,1353,2,,,1,30,,1323,2,,,1,70,,1349,2,,,1,29,,1335,2,,,1,66,,1327,2,,,1,26,,1340,2,,,1,66,,1352,2,,,1,26,,1351,2,,,1,26,,1341,2,,,1,66,,1357,2,,,1,26,,1359,2,,,1,66,,1339,2,,,1,26,,1348,2,,,1,66,,1334,2,,,1
1900,'1',842,,1750,2,,,1,100,,1758,2,,,1,100,,1756,2,,,1,100,,1755,2,,,1,100,,1749,2,,,1,100,,1759,2,,,1,100,,1760,2,,,1,100,,1757,2,,,1,100,,1753,2,,,1,100,,1751,2,,,1,100,,1754,2,,,1,100,,1752,2,,,1
1900,'2',742,,1764,2,,,1,100,,1774,2,,,1,100,,1771,2,,,1,100,,1766,2,,,1,100,,1763,2,,,1,100,,1765,2,,,1,100,,1768,2,,,1,100,,1761,2,,,1,100,,1769,2,,,1,100,,1772,2,,,1,100,,1773,2,,,1,100,,1762,2,,,1,100,,1767,2,,,1,100,,1770,2,,,1
1900,'3',606,,1780,2,,,1,32,,1786,2,,,1,68,,1775,2,,,1,30,,1804,2,,,1,71,,1797,2,,,1,29,,1789,2,,,1,67,,1800,2,,,1,29,,1795,2,,,1,24,,1782,2,,,1,67,,1792,2,,,1,29,,1805,2,,,1,64,,1799,2,,,1,27,,1785,2,,,1,69,,1779,2,,,1,24,,1810,2,,,1,67,,1801,2,,,1,29,,1808,2,,,1,20,,1811,2,,,1,71,,1806,2,,,1,30,,1802,2,,,1,70,,1790,2,,,1,27,,1809,2,,,1,70,,1803,2,,,1,30,,1787,2,,,1,67,,1788,2,,,1,30,,1778,2,,,1,70,,1784,2,,,1,27,,1793,2,,,1,69,,1796,2,,,1,27,,1807,2,,,1,67,,1794,2,,,1,30,,1776,2,,,1,90,,1791,2,,,1,30,,1781,2,,,1,90,,1783,2,,,1,70,,1798,2,,,1
2000,'1',841,,1887,2,,,1,100,,1885,2,,,1,100,,1879,2,,,1,100,,1877,2,,,1,100,,1876,2,,,1,100,,1883,2,,,1,100,,1881,2,,,1,100,,1880,2,,,1,100,,1884,2,,,1,100,,1878,2,,,1,100,,1882,2,,,1,100,,1886,2,,,1
2000,'2',741,,1896,2,,,1,100,,1888,2,,,1,100,,1893,2,,,1,100,,1890,2,,,1,100,,1894,2,,,1,100,,1900,2,,,1,100,,1891,2,,,1,100,,1898,2,,,1,100,,1899,2,,,1,100,,1897,2,,,1,100,,1889,2,,,1,100,,1895,2,,,1,100,,1892,2,,,1
2000,'3',611,,1927,2,,,1,35,,1915,2,,,1,75,,1914,2,,,1,35,,1917,2,,,1,75,,1906,2,,,1,75,,1912,2,,,1,35,,1902,2,,,1,70,,1924,2,,,1,30,,1918,2,,,1,70,,1920,2,,,1,30,,1929,2,,,1,70,,1905,2,,,1,30,,1907,2,,,1,70,,1928,2,,,1,30,,1916,2,,,1,70,,1910,2,,,1,30,,1922,2,,,1,77,,1926,2,,,1,87,,1908,2,,,1,34,,1919,2,,,1,76,,1903,2,,,1,42,,1913,2,,,1,71,,1921,2,,,1,84,,1904,2,,,1,30,,1911,2,,,1,101,,1901,2,,,1,68,,1909,2,,,1,30,,1925,2,,,1,100,,1923,2,,,1
2601,'3',1747,,1988,2,,,1
12001,'3',636,,2264,2,0,37 1 38,1,70,,2272,2,0,37 1 38,1,30,,2267,2,0,37 1 38,1,70,,2274,2,0,37 1 38,1,30,,2276,2,0,37 1 38,1,70,,2265,2,0,37 1 38,1,100,,2263,2,0,37 1 38,1,500,,2269,2,0,37 1 38,1,30,,2266,2,0,37 1 38,1,65,,2268,2,0,37 1 38,1,30,,2273,2,0,37 1 38,1,75,,2275,2,0,37 1 38,1,25,,2270,2,0,37 1 38,1,75,,2271,2,0,37 1 38,1
