1400,'1',933,,5857,4,,1,100,,5859,4,,1,100,,5853,4,,1,100,,5855,4,,1,100,,5871,4,,1,100,,5866,4,,1,100,,5865,4,,1,100,,5856,4,,1,100,,5862,4,,1,100,,5854,4,,1,100,,5861,4,,1
1400,'2',833,,5882,4,,1,100,,5881,4,,1,100,,5880,4,,1,100,,5888,4,,1,100,,5891,4,,1,100,,5894,4,,1,100,,5889,4,,1,100,,5885,4,,1,100,,5874,4,,1,100,,5897,4,,1,100,,5886,4,,1,100,,5890,4,,1,100,,5893,4,,1
1400,'3',727,,5902,4,,1,30,,4834,4,,1,70,,5914,4,,1,30,,198,4,,1,70,,4857,4,,1,85,,5922,4,,1,92,,5901,4,,1,100,,5898,4,,1,100,,4821,4,,1,100,,5913,4,,1,100,,1908,4,,1,113,,5904,4,,1,103,,791,4,,1,30,,5917,4,,1,70,,3255,4,,1,30,,3494,4,,1,70,,5903,4,,1,27,,5905,4,,1,87,,3356,4,,1
1401,'1',843,,5926,,,1,100,,5923,,,1,100,,1292,,,1,100,,5932,,,1,100,,5941,,,1,100,,5924,,,1,100,,5939,,,1,100,,5936,,,1,100,,5925,,,1,100,,2773,,,1,100,,5930,,,1
1401,'2',743,,5962,,,1,100,,5956,,,1,100,,1673,,,1,100,,5945,,,1,100,,5955,,,1,100,,5948,,,1,100,,5961,,,1,100,,993,,,1,100,,731,,,1,100,,5954,,,1,100,,3834,,,1,100,,5953,,,1,100,,5949,,,1
1401,'3',613,,2961,,,1,30,,438,,,1,70,,5970,,,1,30,,788,,,1,70,,5967,,,1,30,,5971,,,1,100,,5982,,,1,100,,5976,,,1,100,,1466,,,1,100,,3256,,,1,100,,660,,,1,100,,5991,,,1,100,,5985,,,1,100,,5988,,,1,70,,2445,,,1,30,,5984,,,1,70,,5977,,,1,30,,5992,,,1,100,,5980,,,1
1001400,'1',907,,6546,4,,1,100,,6547,4,,1,100,,6559,4,,1,100,,6549,4,,1,100,,6542,4,,1,100,,6556,4,,1,100,,6560,4,,1,100,,6555,4,,1,100,,6562,4,,1,100,,6544,4,,1,100,,6550,4,,1,100,,6540,4,,1
1001400,'2',807,,6574,4,,1,100,,6576,4,,1,100,,6564,4,,1,100,,6569,4,,1,100,,6572,4,,1,100,,6580,4,,1,100,,6584,4,,1,100,,6587,4,,1,100,,6565,4,,1,100,,6579,4,,1,100,,6585,4,,1,100,,6570,4,,1,100,,6577,4,,1,100,,6588,4,,1,100,,6568,4,,1,100,,6582,4,,1
1001400,'3',706,,2124,4,,1,35,,1444,4,,1,77,,6595,4,,1,30,,6603,4,,1,70,,631,4,,1,30,,6615,4,,1,100,,6613,4,,1,92,,2690,4,,1,100,,2223,4,,1,100,,6611,4,,1,100,,2543,4,,1,100,,2959,4,,1,113,,6601,4,,1,88,,1911,4,,1,70,,6598,4,,1,30,,6616,4,,1,70,,955,4,,1,30,,499,4,,1,69,,657,4,,1,100,,4830,4,,1,100,,929,4,,1,100,,6608,4,,1
1001401,'1',812,,6622,0,23 21 20,1,100,,3587,0,23 21 20,1,100,,6620,0,23 21 20,1,100,,6626,0,23 21 20,1,100,,6629,0,23 21 20,1,100,,578,0,23 21 20,1,100,,6633,0,23 21 20,1,100,,6625,0,23 21 20,1,100,,6627,0,23 21 20,1,100,,6634,0,23 21 20,1,100,,6635,0,23 21 20,1,100,,6630,0,23 21 20,1
1001401,'2',712,,6655,0,23 21 20,1,100,,6658,0,23 21 20,1,100,,6638,0,23 21 20,1,100,,4320,0,23 21 20,1,100,,6641,0,23 21 20,1,100,,6653,0,23 21 20,1,100,,6646,0,23 21 20,1,100,,6652,0,23 21 20,1,100,,6662,0,23 21 20,1,100,,6659,0,23 21 20,1,100,,6657,0,23 21 20,1,100,,6647,0,23 21 20,1,100,,6651,0,23 21 20,1,100,,6649,0,23 21 20,1,100,,6656,0,23 21 20,1,100,,6640,0,23 21 20,1,95,,6645,0,23 21 20,1
1001401,'3',628,,2323,0,23 21 20,1,30,,4009,0,23 21 20,1,70,,820,0,23 21 20,1,30,,1912,0,23 21 20,1,64,,457,0,23 21 20,1,85,,187,0,23 21 20,1,100,,4859,0,23 21 20,1,100,,6690,0,23 21 20,1,100,,3264,0,23 21 20,1,100,,6677,0,23 21 20,1,100,,1920,0,23 21 20,1,100,,6675,0,23 21 20,1,100,,6687,0,23 21 20,1,48,,6683,0,23 21 20,1,70,,6676,0,23 21 20,1,30,,6672,0,23 21 20,1,70,,1440,0,23 21 20,1,82,,2541,0,23 21 20,1,100,,6682,0,23 21 20,1,100,,6681,0,23 21 20,1,103,,6679,0,23 21 20,1,100,,452,0,23 21 20,1
