401,'1_merged_3768024',645,,970,0,18 19 20,0,65,,988,0,18 19 20,0,22,,971,0,18 19 20,0,24,,960,0,18 19 20,0,64,,974,0,18 19 20,0,25,,959,0,18 19 20,0,65,,977,0,18 19 20,0,25,,976,0,18 19 20,0,84,,966,0,18 19 20,0,27,,981,0,18 19 20,0,65,,965,0,18 19 20,0,41,,969,0,18 19 20,0,70,,962,0,18 19 20,0,25,,984,0,18 19 20,0,81,,985,0,18 19 20,0,30,,963,0,18 19 20,0,65,,987,0,18 19 20,0,81,,986,0,18 19 20,0,37,,983,0,18 19 20,0,63,,964,0,18 19 20,0,33,,972,0,18 19 20,0,18,,968,0,18 19 20,0,74,,967,0,18 19 20,0,24,,979,0,18 19 20,0,76,,961,0,18 19 20,0,20,,975,0,18 19 20,0,70,,978,0,18 19 20,0,24,,958,0,18 19 20,0,66,,956,0,18 19 20,0,103,,957,0,18 19 20,0,41,,982,0,18 19 20,0,99,,973,0,18 19 20,0,75,,989,0,18 19 20,0,75,,980,0,18 19 20,0
401,'2_merged_3768026',811,,1002,0,18 19 20,0,100,,1005,0,18 19 20,0,100,,993,0,18 19 20,0,100,,1000,0,18 19 20,0,100,,997,0,18 19 20,0,100,,998,0,18 19 20,0,100,,1001,0,18 19 20,0,100,,1004,0,18 19 20,0,100,,995,0,18 19 20,0,100,,1003,0,18 19 20,0,100,,994,0,18 19 20,0,100,,999,0,18 19 20,0,100,,992,0,18 19 20,0,100,,990,0,18 19 20,0,100,,991,0,18 19 20,0,100,,996,0,18 19 20,0
401,'3_merged_3768025',811,,1017,0,18 19 20,0,100,,1007,0,18 19 20,0,100,,1014,0,18 19 20,0,100,,1016,0,18 19 20,0,100,,1011,0,18 19 20,0,100,,1013,0,18 19 20,0,100,,1008,0,18 19 20,0,100,,1015,0,18 19 20,0,100,,1018,0,18 19 20,0,100,,1009,0,18 19 20,0,100,,1010,0,18 19 20,0,100,,1006,0,18 19 20,0
401,'4',645,,1033,0,18 19 20,0,65,,1051,0,18 19 20,0,22,,1034,0,18 19 20,0,24,,1023,0,18 19 20,0,64,,1037,0,18 19 20,0,25,,1022,0,18 19 20,0,65,,1040,0,18 19 20,0,25,,1039,0,18 19 20,0,84,,1029,0,18 19 20,0,27,,1044,0,18 19 20,0,65,,1028,0,18 19 20,0,41,,1032,0,18 19 20,0,70,,1025,0,18 19 20,0,25,,1047,0,18 19 20,0,81,,1048,0,18 19 20,0,30,,1026,0,18 19 20,0,65,,1050,0,18 19 20,0,81,,1049,0,18 19 20,0,37,,1046,0,18 19 20,0,63,,1027,0,18 19 20,0,33,,1035,0,18 19 20,0,18,,1031,0,18 19 20,0,74,,1030,0,18 19 20,0,24,,1042,0,18 19 20,0,76,,1024,0,18 19 20,0,20,,1038,0,18 19 20,0,70,,1041,0,18 19 20,0,24,,1021,0,18 19 20,0,66,,1019,0,18 19 20,0,103,,1020,0,18 19 20,0,41,,1045,0,18 19 20,0,99,,1036,0,18 19 20,0,75,,1052,0,18 19 20,0,75,,1043,0,18 19 20,0
401,'5',645,,1068,0,18 19 20,0,65,,1061,0,18 19 20,0,22,,1070,0,18 19 20,0,24,,1056,0,18 19 20,0,64,,1054,0,18 19 20,0,25,,1059,0,18 19 20,0,65,,1073,0,18 19 20,0,25,,1083,0,18 19 20,0,84,,1077,0,18 19 20,0,27,,1080,0,18 19 20,0,65,,1071,0,18 19 20,0,41,,1069,0,18 19 20,0,70,,1086,0,18 19 20,0,25,,1067,0,18 19 20,0,81,,1085,0,18 19 20,0,30,,1063,0,18 19 20,0,65,,1066,0,18 19 20,0,81,,1084,0,18 19 20,0,37,,1065,0,18 19 20,0,63,,1074,0,18 19 20,0,33,,1079,0,18 19 20,0,18,,1075,0,18 19 20,0,74,,1053,0,18 19 20,0,24,,1081,0,18 19 20,0,76,,1057,0,18 19 20,0,20,,1058,0,18 19 20,0,70,,1078,0,18 19 20,0,24,,1060,0,18 19 20,0,66,,1062,0,18 19 20,0,103,,1082,0,18 19 20,0,41,,1076,0,18 19 20,0,99,,1055,0,18 19 20,0,75,,1072,0,18 19 20,0,75,,1064,0,18 19 20,0
1101,'1_merged_3768024',619,,2365,,,0,100,,2368,,,0,90,,2364,,,0,110,,2361,,,0,600,,2360,,,0,100,,2367,,,0,115,,2363,,,0,100,,2362,,,0,100,,2366,,,0
1101,'4',619,,2374,,,0,100,,2377,,,0,90,,2373,,,0,110,,2370,,,0,600,,2369,,,0,100,,2376,,,0,115,,2372,,,0,100,,2371,,,0,100,,2375,,,0
1101,'5',619,,2383,,,0,100,,2385,,,0,90,,2389,,,0,110,,2381,,,0,100,,2378,,,0,100,,2382,,,0,100,,2388,,,0,100,,2387,,,0,100,,2391,,,0,100,,2380,,,0,100,,2379,,,0,115,,2384,,,0,100,,2393,,,0,100,,2386,,,0,100,,2390,,,0,100,,2392,,,0
1201,'1_merged_3768024',614,,2424,,,0,100,,2422,,,0,100,,2428,,,0,100,,2423,,,0,730,,2425,,,0,100,,2429,,,0,100,,2426,,,0,100,,2427,,,0
1201,'4',614,,2432,,,0,100,,2430,,,0,100,,2436,,,0,100,,2431,,,0,730,,2433,,,0,100,,2437,,,0,100,,2434,,,0,100,,2435,,,0
1201,'5',614,,2450,,,0,30,,2440,,,0,70,,2451,,,0,30,,2444,,,0,70,,2453,,,0,30,,2445,,,0,70,,2443,,,0,30,,2447,,,0,670,,2438,,,0,30,,2439,,,0,70,,2452,,,0,30,,2449,,,0,70,,2448,,,0,30,,2442,,,0,70,,2441,,,0,30,,2446,,,0
