401,'1',847,,2827,19,0,52 19 20,1,100,,4266,19,0,52 19 20,1,100,,4270,19,0,52 19 20,1,100,,4262,19,0,52 19 20,1,100,,4263,19,0,52 19 20,1,100,,4268,19,0,52 19 20,1,100,,4267,19,0,52 19 20,1,100,,4264,19,0,52 19 20,1,100,,1812,19,0,52 19 20,1,100,,4261,19,0,52 19 20,1,100,,4269,19,0,52 19 20,1,100,,4265,19,0,21 20,1
401,'2',747,,4272,19,0,52 19 20,1,100,,4278,19,0,52 19 20,1,100,,4281,19,0,52 19 20,1,100,,4276,19,0,52 19 20,1,100,,4275,19,0,52 19 20,1,100,,4277,19,0,52 19 20,1,100,,3152,19,0,52 19 20,1,100,,2919,19,0,52 19 20,1,100,,4274,19,0,52 19 20,1,100,,2820,19,0,52 19 20,1,100,,4273,19,0,52 19 20,1,100,,3936,19,0,52 19 20,1,100,,4280,19,0,52 19 20,1,100,,4279,19,0,52 19 20,1,100,,3324,19,0,52 19 20,1,100,,854,19,0,52 19 20,1
401,'3',619,,2971,19,0,52 19 20,1,25,,1261,19,0,52 19 20,1,62,,4282,19,0,52 19 20,1,26,,2717,19,0,52 19 20,1,20,,4285,19,0,52 19 20,1,67,,1322,19,0,52 19 20,1,25,,3596,19,0,52 19 20,1,65,,3147,19,0,52 19 20,1,44,,1981,19,0,52 19 20,1,67,,2801,19,0,52 19 20,1,25,,1616,19,0,52 19 20,1,81,,4292,19,0,52 19 20,1,30,,4291,19,0,52 19 20,1,65,,222,19,0,52 19 20,1,81,,3825,19,0,52 19 20,1,30,,4287,19,0,52 19 20,1,25,,1122,19,0,52 19 20,1,81,,4286,19,0,52 19 20,1,72,,4290,19,0,52 19 20,1,23,,463,19,0,52 19 20,1,73,,4288,19,0,52 19 20,1,18,,1908,19,0,52 19 20,1,34,,4289,19,0,52 19 20,1,64,,2729,19,0,52 19 20,1,36,,4294,19,0,52 19 20,1,60,,3819,19,0,52 19 20,1,30,,3740,19,0,52 19 20,1,64,,1964,19,0,52 19 20,1,31,,84,19,0,52 19 20,1,103,,4284,19,0,52 19 20,1,77,,4293,19,0,52 19 20,1,103,,1359,19,0,52 19 20,1,75,,1624,19,0,52 19 20,1,35,,4283,19,0,52 19 20,1
1000,'3',731,,2872,18,,,1,70,,4649,18,,,1,30,,3751,18,,,1,70,,4647,18,,,1,30,,3840,18,,,1,70,,4651,18,,,1,30,,2528,18,,,1,472,,968,28,,,1,30,,1775,28,,,1,70,,703,28,,,1,30,,2527,28,,,1,70,,3455,28,,,1,30,,4650,28,,,1,70,,4648,28,,,1
1401,'1',834,,4825,27,,,1,100,,4826,27,,,1,100,,2828,27,,,1,100,,4816,27,,,1,100,,4820,27,,,1,100,,4818,27,,,1,100,,4827,27,,,1,100,,4821,27,,,1,100,,4814,27,,,1,100,,3379,27,,,1,100,,4822,27,,,1,100,,2757,27,,,1
1401,'2',734,,190,27,,,1,100,,4838,27,,,1,100,,4831,27,,,1,100,,4842,27,,,1,100,,3045,27,,,1,100,,3633,27,,,1,100,,2638,27,,,1,100,,2924,27,,,1,100,,48,27,,,1,100,,4841,27,,,1,100,,4840,27,,,1,100,,4837,27,,,1,100,,4845,27,,,1,100,,4833,27,,,1
1401,'3',639,,4864,27,,,1,73,,4847,27,,,1,30,,3779,27,,,1,70,,4849,27,,,1,30,,782,27,,,1,70,,3541,27,,,1,30,,4848,27,,,1,91,,4851,27,,,1,100,,4853,27,,,1,100,,3407,27,,,1,100,,4860,27,,,1,100,,3261,27,,,1,100,,4857,27,,,1,112,,4863,27,,,1,100,,1535,27,,,1,70,,4859,27,,,1,30,,1811,27,,,1,70,,4850,27,,,1,30,,4867,27,,,1,88,,3462,27,,,1
1501,'1',834,,3450,37,,,1,100,,3449,37,,,1,100,,4901,37,,,1,100,,3954,37,,,1,100,,2959,37,,,1,100,,3279,37,,,1,100,,4896,37,,,1,100,,4902,37,,,1,100,,4899,37,,,1,100,,4897,37,,,1,100,,4898,37,,,1,100,,4900,37,,,1
1501,'2',734,,4912,37,,,1,100,,4908,37,,,1,100,,4914,37,,,1,100,,4906,37,,,1,100,,4907,37,,,1,100,,4903,37,,,1,100,,4911,37,,,1,100,,4915,37,,,1,100,,4910,37,,,1,100,,4913,37,,,1,100,,4909,37,,,1,100,,4904,37,,,1,100,,4905,37,,,1,100,,3946,37,,,1
1501,'3',634,,1854,37,,,1,77,,966,37,,,1,35,,2520,37,,,1,75,,3909,37,,,1,32,,2453,37,,,1,78,,4919,37,,,1,72,,1117,37,,,1,30,,3598,37,,,1,72,,3784,37,,,1,32,,337,37,,,1,72,,4916,37,,,1,32,,203,37,,,1,72,,4920,37,,,1,32,,2462,37,,,1,69,,2671,37,,,1,35,,2581,37,,,1,72,,4918,37,,,1,32,,2353,37,,,1,79,,1959,37,,,1,75,,2838,37,,,1,35,,3822,37,,,1,75,,4917,37,,,1,85,,2027,37,,,1,32,,1841,37,,,1,70,,1340,37,,,1,102,,1346,37,,,1
1800,'1',833,,4928,24,,,1,100,,3645,24,,,1,100,,2570,24,,,1,100,,2131,24,,,1,100,,4929,24,,,1,100,,4927,24,,,1,100,,4921,24,,,1,100,,4926,24,,,1,100,,4923,24,,,1,100,,4922,24,,,1,100,,4925,24,,,1,100,,4924,24,,,1
1800,'2',733,,4930,24,,,1,100,,4931,24,,,1,100,,2897,24,,,1,100,,4937,24,,,1,100,,872,24,,,1,100,,4936,24,,,1,100,,4932,24,,,1,100,,3125,24,,,1,100,,4939,24,,,1,100,,4934,24,,,1,100,,4933,24,,,1,100,,4935,24,,,1,100,,4938,24,,,1
1800,'3',633,,4947,24,,,1,70,,4950,24,,,1,30,,3343,24,,,1,70,,4944,24,,,1,30,,779,24,,,1,70,,4954,24,,,1,30,,4942,24,,,1,70,,228,24,,,1,30,,2864,24,,,1,70,,3535,24,,,1,30,,4955,24,,,1,70,,4951,24,,,1,30,,4940,24,,,1,70,,4945,24,,,1,30,,3290,24,,,1,70,,931,24,,,1,30,,4949,24,,,1,70,,2207,24,,,1,30,,3623,24,,,1,70,,2714,24,,,1,30,,1426,24,,,1,70,,4943,24,,,1,30,,4946,24,,,1,70,,4948,24,,,1,30,,2502,24,,,1,70,,122,24,,,1,30,,4952,24,,,1,70,,4953,24,,,1,30,,4941,24,,,1,100,,1137,24,,,1
2800,'1',803,,5126,34,,,1,100,,5127,37,,,1,100,,5131,37,,,1,100,,5129,37,,,1,100,,5134,37,,,1,100,,5136,37,,,1,100,,3896,37,,,1,100,,5128,37,,,1,100,,5135,37,,,1,100,,5132,37,,,1,100,,3691,37,,,1,100,,5133,37,,,1,100,,5130,37,,,1
2800,'2',703,,5145,34,,,1,100,,5143,37,,,1,100,,5142,37,,,1,100,,5144,37,,,1,100,,3126,37,,,1,100,,3276,37,,,1,100,,5139,37,,,1,100,,5140,37,,,1,100,,2881,37,,,1,100,,5141,37,,,1,100,,5137,37,,,1,100,,5138,37,,,1,100,,5146,37,,,1,100,,2817,37,,,1
2800,'3',633,,493,37,,,1,70,,3777,37,,,1,30,,2020,37,,,1,70,,2120,37,,,1,30,,3841,37,,,1,70,,5157,37,,,1,30,,5151,37,,,1,70,,5156,37,,,1,30,,5150,37,,,1,70,,2514,37,,,1,30,,5152,37,,,1,70,,1285,37,,,1,30,,2602,37,,,1,70,,5149,37,,,1,30,,1586,37,,,1,70,,5148,37,,,1,30,,3199,37,,,1,70,,1748,37,,,1,30,,5153,37,,,1,70,,5154,37,,,1,30,,1434,37,,,1,70,,1731,37,,,1,30,,5147,37,,,1,70,,1524,37,,,1,30,,258,37,,,1,70,,2448,37,,,1,30,,3145,37,,,1,70,,3265,37,,,1,100,,3402,37,,,1,132,,5155,37,,,1
1001401,'1',804,,3086,12,0,23 21 20,1,100,,3339,27,0,23 21 20,1,100,,792,27,0,23 21 20,1,100,,3947,27,0,23 21 20,1,100,,5362,27,0,23 21 20,1,100,,5355,27,0,23 21 20,1,100,,5361,27,0,23 21 20,1,100,,5348,27,0,23 21 20,1,100,,5351,27,0,23 21 20,1,100,,5349,27,0,23 21 20,1,100,,3948,27,0,23 21 20,1,100,,5360,27,0,23 21 20,1,100,,5358,27,0,23 21 20,1
1001401,'2',704,,5387,12,0,23 21 20,1,100,,5388,27,0,23 21 20,1,100,,1833,27,0,23 21 20,1,100,,2925,27,0,23 21 20,1,100,,5368,27,0,23 21 20,1,100,,3473,27,0,23 21 20,1,100,,5386,27,0,23 21 20,1,100,,1384,27,0,23 21 20,1,100,,5384,27,0,23 21 20,1,100,,5380,27,0,23 21 20,1,100,,2737,27,0,23 21 20,1,100,,5383,27,0,23 21 20,1,100,,5365,27,0,23 21 20,1,100,,1236,27,0,23 21 20,1,100,,5382,27,0,23 21 20,1,100,,5373,27,0,23 21 20,1,100,,5369,27,0,23 21 20,1,53,,5375,27,0,23 21 20,1
1001401,'3',604,,2715,12,0,23 21 20,1,52,,2986,27,0,23 21 20,1,73,,5389,27,0,23 21 20,1,30,,124,27,0,23 21 20,1,70,,2109,27,0,23 21 20,1,30,,708,27,0,23 21 20,1,68,,1420,27,0,23 21 20,1,74,,5391,27,0,23 21 20,1,100,,1047,27,0,23 21 20,1,100,,5407,27,0,23 21 20,1,100,,5401,27,0,23 21 20,1,100,,5409,27,0,23 21 20,1,100,,2102,27,0,23 21 20,1,113,,2343,27,0,23 21 20,1,100,,58,27,0,23 21 20,1,45,,2597,27,0,23 21 20,1,70,,5394,27,0,23 21 20,1,30,,5395,27,0,23 21 20,1,70,,5399,27,0,23 21 20,1,72,,1962,27,0,23 21 20,1,100,,5396,27,0,23 21 20,1,100,,2575,27,0,23 21 20,1,100,,5405,27,0,23 21 20,1,99,,5393,27,0,23 21 20,1
