601,'1',654,,2155,0,5 6 1 7,0,65,,2136,0,5 6 1 7,0,25,,2153,0,5 6 1 7,0,65,,2146,0,5 6 1 7,0,25,,2134,0,5 6 1 7,0,25,,2131,0,5 6 1 7,0,65,,2142,0,5 6 1 7,0,34,,2132,0,5 6 1 7,0,75,,2154,0,5 6 1 7,0,75,,2141,0,5 6 1 7,0,35,,2152,0,5 6 1 7,0,75,,2129,0,5 6 1 7,0,35,,2137,0,5 6 1 7,0,75,,2139,0,5 6 1 7,0,75,,2143,0,5 6 1 7,0,35,,2145,0,5 6 1 7,0,75,,2130,0,5 6 1 7,0,28,,2151,0,5 6 1 7,0,65,,2140,0,5 6 1 7,0,25,,2127,0,5 6 1 7,0,25,,2148,0,5 6 1 7,0,65,,2150,0,5 6 1 7,0,25,,2144,0,5 6 1 7,0,65,,2135,0,5 6 1 7,0,25,,2133,0,5 6 1 7,0,65,,2126,0,5 6 1 7,0,25,,2147,0,5 6 1 7,0,22,,2138,0,5 6 1 7,0,65,,2149,0,5 6 1 7,0,25,,2128,0,5 6 1 7,0
601,'2',749,,2160,0,5 6 1 7,0,100,,2163,0,5 6 1 7,0,100,,2158,0,5 6 1 7,0,100,,2161,0,5 6 1 7,0,100,,2159,0,5 6 1 7,0,100,,2167,0,5 6 1 7,0,100,,2157,0,5 6 1 7,0,100,,2164,0,5 6 1 7,0,100,,2168,0,5 6 1 7,0,100,,2166,0,5 6 1 7,0,100,,2156,0,5 6 1 7,0,100,,2162,0,5 6 1 7,0,100,,2165,0,5 6 1 7,0
601,'3',849,,2180,0,5 6 1 7,0,100,,2169,0,5 6 1 7,0,100,,2173,0,5 6 1 7,0,100,,2172,0,5 6 1 7,0,100,,2177,0,5 6 1 7,0,100,,2174,0,5 6 1 7,0,100,,2171,0,5 6 1 7,0,100,,2178,0,5 6 1 7,0,100,,2175,0,5 6 1 7,0,100,,2170,0,5 6 1 7,0,100,,2176,0,5 6 1 7,0,100,,2179,0,5 6 1 7,0
601,'4',654,,2210,0,5 6 1 7,0,65,,2191,0,5 6 1 7,0,25,,2208,0,5 6 1 7,0,65,,2201,0,5 6 1 7,0,25,,2189,0,5 6 1 7,0,25,,2186,0,5 6 1 7,0,65,,2197,0,5 6 1 7,0,34,,2187,0,5 6 1 7,0,75,,2209,0,5 6 1 7,0,75,,2196,0,5 6 1 7,0,35,,2207,0,5 6 1 7,0,75,,2184,0,5 6 1 7,0,35,,2192,0,5 6 1 7,0,75,,2194,0,5 6 1 7,0,75,,2198,0,5 6 1 7,0,35,,2200,0,5 6 1 7,0,75,,2185,0,5 6 1 7,0,28,,2206,0,5 6 1 7,0,65,,2195,0,5 6 1 7,0,25,,2182,0,5 6 1 7,0,25,,2203,0,5 6 1 7,0,65,,2205,0,5 6 1 7,0,25,,2199,0,5 6 1 7,0,65,,2190,0,5 6 1 7,0,25,,2188,0,5 6 1 7,0,65,,2181,0,5 6 1 7,0,25,,2202,0,5 6 1 7,0,22,,2193,0,5 6 1 7,0,65,,2204,0,5 6 1 7,0,25,,2183,0,5 6 1 7,0
601,'5',654,,2230,0,5 6 1 7,0,65,,2220,0,5 6 1 7,0,25,,2216,0,5 6 1 7,0,65,,2219,0,5 6 1 7,0,25,,2214,0,5 6 1 7,0,25,,2215,0,5 6 1 7,0,65,,2218,0,5 6 1 7,0,34,,2211,0,5 6 1 7,0,75,,2236,0,5 6 1 7,0,75,,2213,0,5 6 1 7,0,35,,2221,0,5 6 1 7,0,75,,2223,0,5 6 1 7,0,35,,2238,0,5 6 1 7,0,75,,2229,0,5 6 1 7,0,75,,2232,0,5 6 1 7,0,35,,2226,0,5 6 1 7,0,75,,2217,0,5 6 1 7,0,28,,2240,0,5 6 1 7,0,65,,2234,0,5 6 1 7,0,25,,2227,0,5 6 1 7,0,25,,2212,0,5 6 1 7,0,65,,2222,0,5 6 1 7,0,25,,2237,0,5 6 1 7,0,65,,2239,0,5 6 1 7,0,25,,2224,0,5 6 1 7,0,65,,2225,0,5 6 1 7,0,25,,2228,0,5 6 1 7,0,22,,2233,0,5 6 1 7,0,65,,2231,0,5 6 1 7,0,25,,2235,0,5 6 1 7,0
1200,'1',653,,2397,0,37 1 38,0,100,,2400,0,37 1 38,0,100,,2394,0,37 1 38,0,770,,2396,0,37 1 38,0,100,,2399,0,37 1 38,0,100,,2395,0,37 1 38,0,100,,2398,0,37 1 38,0
1200,'4',653,,2404,0,37 1 38,0,100,,2407,0,37 1 38,0,100,,2401,0,37 1 38,0,770,,2403,0,37 1 38,0,100,,2406,0,37 1 38,0,100,,2402,0,37 1 38,0,100,,2405,0,37 1 38,0
1200,'5',653,,2420,0,37 1 38,0,70,,2413,0,37 1 38,0,30,,2417,0,37 1 38,0,70,,2415,0,37 1 38,0,30,,2408,0,37 1 38,0,70,,2421,0,37 1 38,0,630,,2414,0,37 1 38,0,70,,2418,0,37 1 38,0,30,,2412,0,37 1 38,0,70,,2409,0,37 1 38,0,30,,2416,0,37 1 38,0,70,,2411,0,37 1 38,0,30,,2410,0,37 1 38,0,70,,2419,0,37 1 38,0
12001,'1',658,,4455,0,37 1 38,0,70,,4459,0,37 1 38,0,30,,4458,0,37 1 38,0,70,,4460,0,37 1 38,0,30,,4456,0,37 1 38,0,70,,4461,0,37 1 38,0,600,,4454,0,37 1 38,0,30,,4464,0,37 1 38,0,65,,4465,0,37 1 38,0,30,,4457,0,37 1 38,0,75,,4466,0,37 1 38,0,25,,4462,0,37 1 38,0,75,,4463,0,37 1 38,0
12001,'4',658,,4468,0,37 1 38,0,70,,4472,0,37 1 38,0,30,,4471,0,37 1 38,0,70,,4473,0,37 1 38,0,30,,4469,0,37 1 38,0,70,,4474,0,37 1 38,0,600,,4467,0,37 1 38,0,30,,4477,0,37 1 38,0,65,,4478,0,37 1 38,0,30,,4470,0,37 1 38,0,75,,4479,0,37 1 38,0,25,,4475,0,37 1 38,0,75,,4476,0,37 1 38,0
12001,'5',658,,4483,0,37 1 38,0,70,,4491,0,37 1 38,0,30,,4481,0,37 1 38,0,70,,4488,0,37 1 38,0,30,,4492,0,37 1 38,0,70,,4489,0,37 1 38,0,600,,4490,0,37 1 38,0,30,,4484,0,37 1 38,0,65,,4485,0,37 1 38,0,30,,4487,0,37 1 38,0,75,,4480,0,37 1 38,0,25,,4486,0,37 1 38,0,75,,4482,0,37 1 38,0
