300,'1',815,,5066,,,1,100,,5067,,,1,100,,5060,,,1,100,,5062,,,1,100,,5068,,,1,100,,5069,,,1,100,,5064,,,1,100,,5063,,,1,100,,5065,,,1,100,,5061,,,1,100,,5070,,,1,100,,1749,,,1
300,'2',715,,5085,,,1,30,,5075,,,1,70,,5077,,,1,30,,5092,,,1,70,,5073,,,1,30,,5071,,,1,70,,5081,,,1,30,,5084,,,1,70,,5072,,,1,30,,83,,,1,70,,2046,,,1,30,,5091,,,1,70,,5088,,,1,30,,5076,,,1,70,,5080,,,1,30,,1263,,,1,70,,71,,,1,30,,5087,,,1,70,,5082,,,1,30,,5083,,,1,70,,5079,,,1,30,,5090,,,1,70,,4753,,,1,30,,1253,,,1,70,,5089,,,1,30,,5078,,,1,70,,5074,,,1,100,,4328,,,1,100,,4317,,,1,109,,5086,,,1
300,'3',606,,4200,,,1,37,,5101,,,1,60,,5095,,,1,26,,4675,,,1,22,,5113,,,1,66,,5105,,,1,23,,5110,,,1,65,,5117,,,1,23,,5093,,,1,20,,5120,,,1,65,,5094,,,1,23,,1443,,,1,20,,5122,,,1,65,,5111,,,1,23,,1923,,,1,60,,1445,,,1,25,,2809,,,1,23,,5099,,,1,60,,5098,,,1,25,,5115,,,1,63,,1532,,,1,20,,5118,,,1,25,,5121,,,1,63,,2097,,,1,20,,5119,,,1,26,,5096,,,1,63,,5100,,,1,25,,5108,,,1,70,,5104,,,1,22,,5116,,,1,16,,5097,,,1,70,,5107,,,1,27,,5112,,,1,64,,2006,,,1,29,,5109,,,1,13,,5106,,,1,63,,5114,,,1,29,,3365,,,1,103,,5102,,,1,108,,5103,,,1
301,'1',845,,5133,,,1,100,,5132,,,1,100,,5128,,,1,100,,5129,,,1,100,,5124,,,1,100,,5130,,,1,100,,5126,,,1,100,,5125,,,1,100,,5131,,,1,100,,3719,,,1,100,,5127,,,1,100,,5123,,,1
301,'2',715,,5152,,,1,30,,5142,,,1,70,,5149,,,1,30,,5141,,,1,70,,5137,,,1,30,,5156,,,1,70,,5157,,,1,30,,5135,,,1,70,,2608,,,1,30,,5147,,,1,70,,5148,,,1,30,,5134,,,1,70,,5151,,,1,30,,5146,,,1,70,,5139,,,1,30,,5136,,,1,70,,5145,,,1,30,,5144,,,1,70,,5155,,,1,30,,5138,,,1,70,,5150,,,1,30,,5143,,,1,70,,5159,,,1,30,,1730,,,1,70,,5158,,,1,30,,5153,,,1,100,,5154,,,1,100,,1724,,,1,100,,4241,,,1,102,,5140,,,1
301,'3',607,,5172,,,1,20,,5165,,,1,24,,4026,,,1,64,,2004,,,1,26,,1078,,,1,63,,5174,,,1,22,,188,,,1,26,,5166,,,1,63,,5170,,,1,25,,5160,,,1,63,,4678,,,1,20,,2274,,,1,25,,5169,,,1,63,,5161,,,1,20,,5163,,,1,25,,5179,,,1,63,,5168,,,1,20,,4641,,,1,65,,5173,,,1,23,,4275,,,1,20,,5177,,,1,65,,5175,,,1,23,,4824,,,1,20,,4870,,,1,65,,5171,,,1,23,,5176,,,1,65,,244,,,1,25,,5178,,,1,23,,796,,,1,60,,2010,,,1,30,,5167,,,1,67,,3156,,,1,20,,247,,,1,26,,2385,,,1,63,,4412,,,1,23,,2807,,,1,69,,5162,,,1,103,,5180,,,1,108,,2000,,,1,108,,5164,,,1
400,'1',855,,5188,4,,1,100,,5182,4,,1,100,,5191,4,,1,100,,5187,4,,1,100,,5185,4,,1,100,,5190,4,,1,100,,5181,4,,1,100,,5186,4,,1,100,,5183,4,,1,100,,5192,4,,1,100,,5189,4,,1,100,,5184,4,,1
400,'2',755,,5199,4,,1,100,,5198,4,,1,100,,5196,4,,1,100,,5206,4,,1,100,,5205,4,,1,100,,5201,4,,1,100,,5195,4,,1,100,,5203,4,,1,100,,5202,4,,1,100,,5194,4,,1,100,,5197,4,,1,100,,319,4,,1,100,,5204,4,,1,100,,1218,4,,1,100,,5200,4,,1,100,,5193,4,,1
400,'3',701,,5216,4,,1,34,,5209,4,,1,67,,623,4,,1,19,,5208,4,,1,31,,3887,4,,1,60,,1897,4,,1,24,,5214,4,,1,66,,4274,4,,1,25,,5212,4,,1,84,,4871,4,,1,27,,1926,4,,1,65,,5213,4,,1,41,,5219,4,,1,70,,5211,4,,1,25,,5218,4,,1,81,,2348,4,,1,30,,1458,4,,1,65,,5210,4,,1,89,,5215,4,,1,35,,5220,4,,1,63,,5222,4,,1,33,,2974,4,,1,20,,5217,4,,1,75,,4127,4,,1,21,,5207,4,,1,77,,1545,4,,1,19,,4144,4,,1,62,,4653,4,,1,24,,5226,4,,1,68,,5221,4,,1,103,,5223,4,,1,41,,5225,4,,1,99,,5224,4,,1,75,,4508,4,,1
401,'1',835,,5235,0,18 19 20,1,100,,5230,0,18 19 20,1,100,,5232,0,18 19 20,1,100,,1279,0,18 19 20,1,100,,5229,0,18 19 20,1,100,,5236,0,18 19 20,1,100,,5231,0,18 19 20,1,100,,1778,0,18 19 20,1,100,,5237,0,18 19 20,1,100,,5227,0,18 19 20,1,100,,5234,0,18 19 20,1,100,,5228,0,21 20,1
401,'2',735,,5245,0,18 19 20,1,100,,1259,0,18 19 20,1,100,,5238,0,18 19 20,1,100,,5244,0,18 19 20,1,100,,5241,0,18 19 20,1,100,,5242,0,18 19 20,1,100,,3096,0,18 19 20,1,100,,1723,0,18 19 20,1,100,,707,0,18 19 20,1,100,,4573,0,18 19 20,1,100,,5239,0,18 19 20,1,100,,5243,0,18 19 20,1,100,,5247,0,18 19 20,1,100,,5246,0,18 19 20,1,100,,4754,0,18 19 20,1,100,,5240,0,18 19 20,1
401,'3',606,,489,0,18 19 20,1,25,,5260,0,18 19 20,1,22,,5249,0,18 19 20,1,66,,5258,0,18 19 20,1,20,,5265,0,18 19 20,1,67,,5255,0,18 19 20,1,25,,2313,0,18 19 20,1,25,,4402,0,18 19 20,1,84,,5253,0,18 19 20,1,67,,5263,0,18 19 20,1,25,,5250,0,18 19 20,1,81,,4656,0,18 19 20,1,30,,2100,0,18 19 20,1,65,,5251,0,18 19 20,1,41,,5259,0,18 19 20,1,70,,1475,0,18 19 20,1,25,,5264,0,18 19 20,1,81,,5252,0,18 19 20,1,30,,5256,0,18 19 20,1,63,,5254,0,18 19 20,1,33,,441,0,18 19 20,1,58,,5262,0,18 19 20,1,34,,4444,0,18 19 20,1,64,,3059,0,18 19 20,1,36,,5248,0,18 19 20,1,60,,2964,0,18 19 20,1,30,,5257,0,18 19 20,1,24,,4841,0,18 19 20,1,73,,5261,0,18 19 20,1,103,,1056,0,18 19 20,1,77,,2102,0,18 19 20,1,103,,2805,0,18 19 20,1,35,,632,0,18 19 20,1,75,,923,0,18 19 20,1
600,'1',835,,5624,4,,1,103,,5615,4,,1,100,,5619,4,,1,100,,5621,4,,1,100,,5622,4,,1,100,,5616,4,,1,100,,5623,4,,1,100,,5617,4,,1,100,,5618,4,,1,100,,5620,4,,1,100,,571,4,,1,100,,1733,4,,1
600,'2',733,,5631,4,,1,105,,5629,4,,1,100,,5635,4,,1,100,,5632,4,,1,100,,5628,4,,1,100,,5630,4,,1,100,,5633,4,,1,100,,4230,4,,1,100,,3569,4,,1,100,,5634,4,,1,100,,5627,4,,1,100,,5626,4,,1,100,,5625,4,,1
600,'3',744,,439,4,,1,65,,5636,4,,1,25,,450,4,,1,25,,3143,4,,1,65,,5637,4,,1,25,,5642,4,,1,65,,5654,4,,1,34,,5639,4,,1,75,,1538,4,,1,35,,1898,4,,1,75,,5640,4,,1,75,,2269,4,,1,35,,5638,4,,1,75,,5647,4,,1,35,,5641,4,,1,75,,3366,4,,1,79,,5643,4,,1,28,,5644,4,,1,65,,1543,4,,1,25,,5646,4,,1,25,,5648,4,,1,65,,5650,4,,1,25,,5655,4,,1,65,,5652,4,,1,25,,5651,4,,1,21,,5649,4,,1,65,,5645,4,,1,22,,4409,4,,1,65,,1479,4,,1,25,,5653,4,,1
601,'1',809,,5664,0,5 6 1 7,1,100,,5665,0,5 6 1 7,1,100,,5657,0,5 6 1 7,1,100,,341,0,5 6 1 7,1,100,,5661,0,5 6 1 7,1,100,,5658,0,5 6 1 7,1,100,,5656,0,5 6 1 7,1,100,,5662,0,5 6 1 7,1,100,,5659,0,5 6 1 7,1,100,,5666,0,5 6 1 7,1,100,,5660,0,5 6 1 7,1,100,,5663,0,5 6 1 7,1
601,'2',709,,5667,0,5 6 1 7,1,100,,3571,0,5 6 1 7,1,100,,5675,0,5 6 1 7,1,100,,5668,0,5 6 1 7,1,100,,5676,0,5 6 1 7,1,100,,5672,0,5 6 1 7,1,100,,2751,0,5 6 1 7,1,100,,5670,0,5 6 1 7,1,100,,5673,0,5 6 1 7,1,100,,1692,0,5 6 1 7,1,100,,5674,0,5 6 1 7,1,100,,5669,0,5 6 1 7,1,100,,5671,0,5 6 1 7,1
601,'3',610,,493,0,5 6 1 7,1,25,,2218,0,5 6 1 7,1,65,,5695,0,5 6 1 7,1,25,,5688,0,5 6 1 7,1,25,,5683,0,5 6 1 7,1,65,,5680,0,5 6 1 7,1,25,,5692,0,5 6 1 7,1,75,,5690,0,5 6 1 7,1,35,,5691,0,5 6 1 7,1,75,,5679,0,5 6 1 7,1,75,,5681,0,5 6 1 7,1,35,,5693,0,5 6 1 7,1,75,,5689,0,5 6 1 7,1,35,,5677,0,5 6 1 7,1,75,,5696,0,5 6 1 7,1,35,,5682,0,5 6 1 7,1,75,,3637,0,5 6 1 7,1,25,,629,0,5 6 1 7,1,65,,5686,0,5 6 1 7,1,25,,4403,0,5 6 1 7,1,65,,5685,0,5 6 1 7,1,25,,5687,0,5 6 1 7,1,65,,2986,0,5 6 1 7,1,25,,5694,0,5 6 1 7,1,25,,3890,0,5 6 1 7,1,65,,3769,0,5 6 1 7,1,25,,1903,0,5 6 1 7,1,65,,4865,0,5 6 1 7,1,25,,5678,0,5 6 1 7,1,25,,5684,0,5 6 1 7,1
1000,'3',716,,1976,,,1,30,,5700,,,1,70,,5706,,,1,30,,5702,,,1,70,,5697,,,1,30,,951,,,1,70,,5703,,,1,424,,5704,,,1,70,,5705,,,1,30,,5701,,,1,70,,5707,,,1,30,,5698,,,1,70,,174,,,1,30,,5699,,,1
1001,'3',705,,2967,4,,1,30,,5709,4,,1,70,,1442,4,,1,30,,3136,4,,1,70,,5711,4,,1,30,,3267,4,,1,70,,5710,4,,1,430,,5712,4,,1,70,,5713,4,,1,30,,2663,4,,1,70,,5714,4,,1,30,,435,4,,1,70,,4663,4,,1,30,,5708,4,,1
1300,'1',835,,5758,,,1,100,,5761,,,1,100,,5762,,,1,100,,5760,,,1,100,,5756,,,1,100,,5763,,,1,100,,5755,,,1,100,,5752,,,1,100,,5759,,,1,100,,5757,,,1,100,,572,,,1,100,,5753,,,1
1300,'2',735,,5766,,,1,100,,5770,,,1,100,,5775,,,1,100,,66,,,1,100,,5765,,,1,100,,5771,,,1,100,,5767,,,1,100,,5772,,,1,100,,1683,,,1,100,,5769,,,1,100,,5768,,,1,100,,2729,,,1,100,,5773,,,1,100,,5764,,,1,100,,5776,,,1
1300,'3',620,,5785,,,1,23,,5792,,,1,79,,4005,,,1,30,,5779,,,1,65,,5787,,,1,30,,5781,,,1,69,,5793,,,1,30,,5783,,,1,70,,5794,,,1,25,,5800,,,1,65,,5777,,,1,25,,3253,,,1,25,,3254,,,1,65,,5780,,,1,25,,2573,,,1,65,,5807,,,1,25,,5784,,,1,65,,5799,,,1,25,,5795,,,1,31,,5801,,,1,65,,5802,,,1,30,,5789,,,1,70,,5803,,,1,15,,3069,,,1,65,,2672,,,1,30,,3673,,,1,70,,4008,,,1,28,,3384,,,1,72,,5790,,,1,23,,5796,,,1,26,,5797,,,1,66,,5788,,,1,26,,5804,,,1,66,,5806,,,1,26,,5778,,,1,66,,5782,,,1,26,,5798,,,1,26,,5791,,,1,66,,5805,,,1,26,,624,,,1
1301,'1',815,,5815,4,,1,100,,5810,4,,1,100,,2169,4,,1,100,,5812,4,,1,100,,5808,4,,1,100,,5817,4,,1,100,,5816,4,,1,100,,5813,4,,1,100,,5814,4,,1,100,,5809,4,,1,100,,5811,4,,1,100,,2623,4,,1
1301,'2',715,,5826,4,,1,100,,1674,4,,1,100,,5828,4,,1,100,,5827,4,,1,100,,2730,4,,1,100,,5822,4,,1,100,,5819,4,,1,100,,5818,4,,1,100,,5821,4,,1,100,,5824,4,,1,100,,5820,4,,1,100,,5825,4,,1,100,,711,4,,1,100,,5829,4,,1,100,,4321,4,,1,100,,5823,4,,1
1301,'3',642,,4482,4,,1,75,,3369,4,,1,30,,4837,4,,1,65,,5838,4,,1,30,,5836,4,,1,69,,5849,4,,1,30,,5833,4,,1,70,,2803,4,,1,25,,5846,4,,1,65,,2812,4,,1,25,,5832,4,,1,25,,5851,4,,1,65,,3372,4,,1,25,,3499,4,,1,65,,5844,4,,1,25,,5837,4,,1,25,,1083,4,,1,65,,5834,4,,1,31,,5841,4,,1,65,,5839,4,,1,30,,636,4,,1,70,,2384,4,,1,15,,5850,4,,1,25,,5830,4,,1,70,,4011,4,,1,30,,3664,4,,1,70,,5831,4,,1,30,,3257,4,,1,64,,5840,4,,1,26,,5835,4,,1,66,,797,4,,1,26,,5848,4,,1,66,,5847,4,,1,26,,5843,4,,1,26,,4029,4,,1,66,,5852,4,,1,26,,5842,4,,1,66,,5845,4,,1,26,,1467,4,,1
1800,'1',815,,6069,,,1,100,,6072,,,1,100,,6077,,,1,100,,6074,,,1,100,,6078,,,1,100,,6073,,,1,100,,1290,,,1,100,,6070,,,1,100,,6076,,,1,100,,6071,,,1,100,,1765,,,1,100,,6075,,,1
1800,'2',715,,6079,,,1,100,,6080,,,1,100,,6085,,,1,100,,6087,,,1,100,,6082,,,1,100,,6086,,,1,100,,3823,,,1,100,,6089,,,1,100,,4074,,,1,100,,6083,,,1,100,,6081,,,1,100,,6084,,,1,100,,6088,,,1
1800,'3',615,,175,,,1,30,,177,,,1,70,,4681,,,1,30,,932,,,1,70,,6092,,,1,30,,6102,,,1,70,,6106,,,1,30,,4481,,,1,70,,4860,,,1,30,,4012,,,1,70,,6090,,,1,30,,3269,,,1,70,,6101,,,1,30,,6093,,,1,70,,6099,,,1,30,,6095,,,1,70,,6094,,,1,30,,184,,,1,70,,6096,,,1,30,,6091,,,1,70,,6098,,,1,30,,6107,,,1,70,,6105,,,1,30,,6103,,,1,70,,4406,,,1,30,,6108,,,1,70,,6100,,,1,30,,6097,,,1,70,,6104,,,1,100,,1915,,,1
1801,'1',830,,6114,4,,1,100,,6112,4,,1,100,,6109,4,,1,100,,6110,4,,1,100,,6111,4,,1,100,,6115,4,,1,100,,1015,4,,1,100,,1781,4,,1,100,,6117,4,,1,100,,6113,4,,1,100,,6116,4,,1,100,,3969,4,,1
1801,'2',730,,6129,4,,1,100,,6123,4,,1,100,,6126,4,,1,100,,6127,4,,1,100,,6118,4,,1,100,,6125,4,,1,100,,6120,4,,1,100,,6121,4,,1,100,,6122,4,,1,100,,6124,4,,1,100,,6119,4,,1,100,,1258,4,,1,100,,6128,4,,1
1801,'3',630,,6134,4,,1,70,,6138,4,,1,30,,202,4,,1,70,,2452,4,,1,30,,6141,4,,1,70,,2008,4,,1,30,,6137,4,,1,70,,6139,4,,1,30,,634,4,,1,70,,492,4,,1,30,,3879,4,,1,70,,3639,4,,1,30,,793,4,,1,70,,3650,4,,1,30,,4442,4,,1,70,,6132,4,,1,30,,922,4,,1,70,,448,4,,1,30,,3672,4,,1,70,,6130,4,,1,36,,6140,4,,1,70,,4480,4,,1,30,,3135,4,,1,70,,6133,4,,1,30,,6142,4,,1,64,,6131,4,,1,30,,6135,4,,1,100,,6136,4,,1,100,,6143,4,,1
2800,'1',837,,6338,,,1,100,,6331,,,1,100,,6335,,,1,100,,6328,,,1,100,,6336,,,1,100,,6337,,,1,100,,6330,,,1,100,,6334,,,1,100,,6332,,,1,100,,6329,,,1,100,,6333,,,1,100,,2917,,,1
2800,'2',737,,6343,,,1,100,,6342,,,1,100,,6344,,,1,100,,6347,,,1,100,,6345,,,1,100,,6340,,,1,100,,65,,,1,100,,4062,,,1,100,,6341,,,1,100,,6339,,,1,100,,3190,,,1,100,,6346,,,1,100,,4734,,,1
2800,'3',607,,6349,,,1,30,,1548,,,1,70,,6350,,,1,30,,6358,,,1,70,,6353,,,1,30,,3782,,,1,70,,6351,,,1,30,,6364,,,1,70,,4145,,,1,30,,6355,,,1,70,,6357,,,1,30,,6352,,,1,70,,6360,,,1,30,,6363,,,1,70,,3669,,,1,30,,6368,,,1,70,,6361,,,1,30,,6359,,,1,70,,2112,,,1,30,,4408,,,1,70,,6362,,,1,30,,6356,,,1,70,,6354,,,1,30,,6366,,,1,70,,6365,,,1,30,,3359,,,1,70,,2415,,,1,30,,6348,,,1,100,,2379,,,1,172,,6367,,,1
2801,'1',809,,6374,4,,1,100,,3202,4,,1,100,,6369,4,,1,100,,6380,4,,1,100,,6375,4,,1,100,,6376,4,,1,100,,6372,4,,1,100,,6377,4,,1,100,,6370,4,,1,100,,6371,4,,1,100,,6378,4,,1,100,,6379,4,,1,100,,6373,4,,1
2801,'2',709,,6385,4,,1,100,,2883,4,,1,100,,6389,4,,1,100,,6392,4,,1,100,,6388,4,,1,100,,6386,4,,1,100,,6383,4,,1,100,,1209,4,,1,100,,6382,4,,1,100,,6384,4,,1,100,,6390,4,,1,100,,6387,4,,1,100,,6381,4,,1,100,,6391,4,,1
2801,'3',639,,6411,4,,1,70,,436,4,,1,30,,6413,4,,1,70,,6404,4,,1,30,,2409,4,,1,70,,6402,4,,1,30,,6401,4,,1,70,,1469,4,,1,30,,6409,4,,1,70,,2668,4,,1,30,,6395,4,,1,70,,6410,4,,1,30,,6394,4,,1,70,,6403,4,,1,30,,3489,4,,1,70,,6405,4,,1,30,,6397,4,,1,70,,6396,4,,1,30,,4850,4,,1,70,,6400,4,,1,36,,6393,4,,1,70,,6406,4,,1,30,,6412,4,,1,70,,789,4,,1,30,,2120,4,,1,64,,6399,4,,1,30,,6407,4,,1,70,,6408,4,,1,100,,4128,4,,1,100,,6398,4,,1
3400,'3',704,,6416,,,1,31,,6414,,,1,74,,1537,,,1,834,,6418,,,1,60,,486,,,1,30,,6417,,,1,70,,2536,,,1,30,,6419,,,1,77,,6415,,,1,30,,1053,,,1
3401,'3',745,,6421,4,,1,74,,6423,4,,1,30,,2575,4,,1,874,,3071,4,,1,20,,2238,4,,1,70,,496,4,,1,30,,4499,4,,1,70,,6420,4,,1,37,,6424,4,,1,70,,6422,4,,1
