101,'1',758,,4964,0,39 1 9,1,70,,4972,0,39 1 9,1,30,,4962,0,39 1 9,1,70,,4979,0,39 1 9,1,30,,4970,0,39 1 9,1,70,,4984,0,39 1 9,1,30,,4977,0,39 1 9,1,70,,4983,0,39 1 9,1,30,,4969,0,39 1 9,1,70,,4965,0,39 1 9,1,30,,4982,0,39 1 9,1,70,,4978,0,39 1 9,1,30,,4971,0,39 1 9,1,70,,4975,0,39 1 9,1,30,,4968,0,39 1 9,1,70,,4980,0,39 1 9,1,30,,4985,0,39 1 9,1,70,,4974,0,39 1 9,1,30,,4973,0,39 1 9,1,70,,4976,0,39 1 9,1,30,,4963,0,39 1 9,1,70,,4967,0,39 1 9,1,30,,4961,0,39 1 9,1,70,,4981,0,39 1 9,1,30,,4966,0,39 1 9,1
101,'2',658,,5006,0,39 1 9,1,70,,5004,0,39 1 9,1,30,,4987,0,39 1 9,1,70,,4995,0,39 1 9,1,30,,4552,0,39 1 9,1,70,,86,0,39 1 9,1,30,,5008,0,39 1 9,1,70,,4996,0,39 1 9,1,30,,5002,0,39 1 9,1,70,,5003,0,39 1 9,1,30,,5001,0,39 1 9,1,70,,4998,0,39 1 9,1,30,,5000,0,39 1 9,1,70,,84,0,39 1 9,1,30,,4989,0,39 1 9,1,70,,2874,0,39 1 9,1,30,,4991,0,39 1 9,1,70,,5010,0,39 1 9,1,30,,5005,0,39 1 9,1,70,,4578,0,39 1 9,1,30,,4994,0,39 1 9,1,70,,4992,0,39 1 9,1,30,,5007,0,39 1 9,1,70,,3570,0,39 1 9,1,30,,5009,0,39 1 9,1,70,,4993,0,39 1 9,1,30,,4999,0,39 1 9,1,70,,4990,0,39 1 9,1,30,,4986,0,39 1 9,1,100,,4997,0,39 1 9,1,100,,4988,0,39 1 9,1
101,'3',558,,5058,0,39 1 9,1,50,,2237,0,39 1 9,1,10,,3787,0,39 1 9,1,10,,4646,0,39 1 9,1,10,,4861,0,39 1 9,1,10,,5050,0,39 1 9,1,10,,5053,0,39 1 9,1,50,,5026,0,39 1 9,1,10,,1927,0,39 1 9,1,10,,5043,0,39 1 9,1,10,,5032,0,39 1 9,1,10,,5021,0,39 1 9,1,10,,5034,0,39 1 9,1,50,,5016,0,39 1 9,1,10,,5059,0,39 1 9,1,10,,5031,0,39 1 9,1,10,,5036,0,39 1 9,1,10,,5028,0,39 1 9,1,10,,5038,0,39 1 9,1,50,,5027,0,39 1 9,1,10,,5054,0,39 1 9,1,15,,5018,0,39 1 9,1,15,,5047,0,39 1 9,1,55,,5012,0,39 1 9,1,15,,2975,0,39 1 9,1,15,,5040,0,39 1 9,1,15,,2343,0,39 1 9,1,55,,1486,0,39 1 9,1,15,,5023,0,39 1 9,1,15,,5048,0,39 1 9,1,15,,3252,0,39 1 9,1,55,,5052,0,39 1 9,1,15,,5056,0,39 1 9,1,15,,821,0,39 1 9,1,15,,3528,0,39 1 9,1,55,,3490,0,39 1 9,1,15,,5030,0,39 1 9,1,15,,3362,0,39 1 9,1,15,,5025,0,39 1 9,1,55,,442,0,39 1 9,1,15,,5015,0,39 1 9,1,15,,2324,0,39 1 9,1,15,,5014,0,39 1 9,1,55,,5041,0,39 1 9,1,15,,5039,0,39 1 9,1,10,,200,0,39 1 9,1,10,,5042,0,39 1 9,1,10,,3051,0,39 1 9,1,10,,5024,0,39 1 9,1,50,,453,0,39 1 9,1,10,,5049,0,39 1 9,1,10,,5046,0,39 1 9,1,10,,5029,0,39 1 9,1,10,,5033,0,39 1 9,1,10,,5035,0,39 1 9,1,50,,1945,0,39 1 9,1,10,,5022,0,39 1 9,1,10,,5055,0,39 1 9,1,10,,630,0,39 1 9,1,10,,5045,0,39 1 9,1,10,,5011,0,39 1 9,1,50,,5019,0,39 1 9,1,10,,5017,0,39 1 9,1,10,,5013,0,39 1 9,1,10,,2665,0,39 1 9,1,10,,5037,0,39 1 9,1,10,,5044,0,39 1 9,1,50,,4647,0,39 1 9,1,20,,790,0,39 1 9,1,30,,2956,0,39 1 9,1,70,,4147,0,39 1 9,1,30,,5020,0,39 1 9,1,70,,5057,0,39 1 9,1,30,,3508,0,39 1 9,1,70,,5051,0,39 1 9,1,30,,1546,0,39 1 9,1,70,,2802,0,39 1 9,1,29,,3663,0,11 12,1
1900,'1',909,,6145,,,1,100,,6152,,,1,100,,6150,,,1,100,,6149,,,1,100,,6144,,,1,100,,6153,,,1,100,,6154,,,1,100,,6151,,,1,100,,6147,,,1,100,,6146,,,1,100,,6148,,,1,100,,1741,,,1
1900,'2',809,,2873,,,1,100,,6166,,,1,100,,6163,,,1,100,,6158,,,1,100,,2481,,,1,100,,6157,,,1,100,,6160,,,1,100,,6155,,,1,100,,6161,,,1,100,,6164,,,1,100,,6165,,,1,100,,6156,,,1,100,,6159,,,1,100,,6162,,,1
1900,'3',639,,4276,,,1,72,,6173,,,1,28,,6167,,,1,70,,817,,,1,31,,6183,,,1,69,,6176,,,1,27,,812,,,1,69,,6181,,,1,24,,2346,,,1,27,,6179,,,1,69,,6186,,,1,24,,6184,,,1,67,,1936,,,1,29,,6169,,,1,64,,3908,,,1,27,,6185,,,1,69,,6188,,,1,20,,6190,,,1,31,,6187,,,1,51,,2538,,,1,21,,655,,,1,30,,6177,,,1,67,,6189,,,1,30,,4205,,,1,70,,6174,,,1,27,,6175,,,1,70,,3247,,,1,30,,6172,,,1,67,,2446,,,1,27,,6182,,,1,67,,2007,,,1,27,,6180,,,1,70,,6168,,,1,90,,6178,,,1,30,,6170,,,1,90,,6171,,,1,30,,223,,,1
2000,'1',900,,6253,,,1,100,,6251,,,1,100,,6246,,,1,100,,6244,,,1,100,,6243,,,1,100,,3322,,,1,100,,6248,,,1,100,,6247,,,1,100,,6250,,,1,100,,6245,,,1,100,,6249,,,1,100,,6252,,,1
2000,'2',800,,6259,,,1,100,,6254,,,1,100,,6257,,,1,100,,6255,,,1,100,,6258,,,1,100,,6263,,,1,100,,316,,,1,100,,6261,,,1,100,,6262,,,1,100,,6260,,,1,100,,1213,,,1,100,,69,,,1,100,,6256,,,1
2000,'3',632,,6280,,,1,75,,1938,,,1,35,,2816,,,1,75,,3367,,,1,35,,6268,,,1,75,,6271,,,1,73,,6265,,,1,30,,6278,,,1,70,,6274,,,1,30,,6275,,,1,70,,4296,,,1,30,,3132,,,1,70,,4171,,,1,30,,6281,,,1,70,,6273,,,1,30,,6270,,,1,70,,246,,,1,45,,1541,,,1,87,,437,,,1,74,,2674,,,1,36,,6266,,,1,82,,6272,,,1,31,,6276,,,1,84,,6267,,,1,70,,1468,,,1,93,,6264,,,1,28,,6269,,,1,70,,6279,,,1,100,,6277,,,1
7101,'3',1520,,6506,,,1
