100,'1',616,,17,,,0,15,,13,,,0,15,,10,,,0,55,,14,,,0,15,,35,,,0,15,,34,,,0,15,,57,,,0,55,,24,,,0,15,,47,,,0,15,,19,,,0,15,,1,,,0,55,,26,,,0,15,,50,,,0,15,,15,,,0,15,,56,,,0,55,,27,,,0,15,,51,,,0,20,,36,,,0,20,,20,,,0,60,,52,,,0,20,,32,,,0,20,,28,,,0,60,,49,,,0,20,,33,,,0,20,,55,,,0,60,,30,,,0,20,,18,,,0,20,,3,,,0,60,,58,,,0,20,,42,,,0,20,,54,,,0,60,,9,,,0,20,,44,,,0,20,,7,,,0,60,,8,,,0,15,,25,,,0,15,,6,,,0,55,,23,,,0,15,,43,,,0,15,,40,,,0,15,,4,,,0,55,,41,,,0,15,,5,,,0,15,,53,,,0,15,,31,,,0,55,,16,,,0,15,,45,,,0,15,,29,,,0,15,,37,,,0,55,,46,,,0,30,,22,,,0,70,,12,,,0,30,,38,,,0,70,,11,,,0,30,,21,,,0,70,,48,,,0,30,,39,,,0,70,,2,,,0
100,'2',732,,59,,,0,70,,63,,,0,30,,64,,,0,70,,88,,,0,30,,79,,,0,70,,65,,,0,30,,70,,,0,70,,61,,,0,30,,81,,,0,70,,84,,,0,30,,78,,,0,70,,73,,,0,30,,68,,,0,70,,89,,,0,30,,83,,,0,70,,66,,,0,30,,77,,,0,70,,85,,,0,30,,67,,,0,70,,72,,,0,30,,60,,,0,70,,62,,,0,30,,74,,,0,70,,76,,,0,30,,71,,,0,70,,82,,,0,30,,75,,,0,70,,86,,,0,30,,80,,,0,100,,87,,,0,100,,69,,,0
100,'3',832,,93,,,0,70,,104,,,0,30,,110,,,0,70,,94,,,0,30,,95,,,0,70,,112,,,0,30,,114,,,0,70,,100,,,0,30,,111,,,0,70,,105,,,0,30,,107,,,0,70,,113,,,0,30,,92,,,0,70,,103,,,0,30,,102,,,0,70,,109,,,0,30,,99,,,0,70,,101,,,0,30,,97,,,0,70,,98,,,0,30,,96,,,0,70,,106,,,0,30,,90,,,0,70,,108,,,0,30,,91,,,0
100,'4',616,,131,,,0,15,,127,,,0,15,,124,,,0,55,,128,,,0,15,,149,,,0,15,,148,,,0,15,,171,,,0,55,,138,,,0,15,,161,,,0,15,,133,,,0,15,,115,,,0,55,,140,,,0,15,,164,,,0,15,,129,,,0,15,,170,,,0,55,,141,,,0,15,,165,,,0,20,,150,,,0,20,,134,,,0,60,,166,,,0,20,,146,,,0,20,,142,,,0,60,,163,,,0,20,,147,,,0,20,,169,,,0,60,,144,,,0,20,,132,,,0,20,,117,,,0,60,,172,,,0,20,,156,,,0,20,,168,,,0,60,,123,,,0,20,,158,,,0,20,,121,,,0,60,,122,,,0,15,,139,,,0,15,,120,,,0,55,,137,,,0,15,,157,,,0,15,,154,,,0,15,,118,,,0,55,,155,,,0,15,,119,,,0,15,,167,,,0,15,,145,,,0,55,,130,,,0,15,,159,,,0,15,,143,,,0,15,,151,,,0,55,,160,,,0,30,,136,,,0,70,,126,,,0,30,,152,,,0,70,,125,,,0,30,,135,,,0,70,,162,,,0,30,,153,,,0,70,,116,,,0
100,'5',616,,238,,,0,15,,245,,,0,10,,176,,,0,10,,210,,,0,50,,247,,,0,10,,250,,,0,10,,196,,,0,10,,202,,,0,10,,226,,,0,10,,199,,,0,50,,237,,,0,10,,228,,,0,10,,181,,,0,10,,178,,,0,10,,219,,,0,10,,232,,,0,50,,227,,,0,10,,204,,,0,10,,224,,,0,10,,194,,,0,10,,182,,,0,10,,207,,,0,55,,206,,,0,15,,191,,,0,15,,222,,,0,15,,215,,,0,55,,234,,,0,15,,249,,,0,15,,244,,,0,15,,209,,,0,55,,240,,,0,15,,195,,,0,15,,216,,,0,15,,180,,,0,55,,217,,,0,15,,213,,,0,15,,174,,,0,15,,235,,,0,55,,221,,,0,15,,184,,,0,15,,211,,,0,15,,229,,,0,55,,220,,,0,15,,218,,,0,15,,193,,,0,15,,175,,,0,50,,243,,,0,10,,188,,,0,10,,208,,,0,10,,200,,,0,10,,189,,,0,10,,223,,,0,50,,185,,,0,10,,246,,,0,10,,248,,,0,10,,225,,,0,10,,205,,,0,10,,239,,,0,50,,192,,,0,10,,212,,,0,10,,231,,,0,10,,203,,,0,10,,186,,,0,10,,230,,,0,50,,187,,,0,10,,173,,,0,10,,197,,,0,10,,241,,,0,10,,190,,,0,60,,233,,,0,30,,198,,,0,70,,183,,,0,30,,214,,,0,70,,236,,,0,30,,242,,,0,70,,201,,,0,30,,179,,,0,70,,177,,,0
1901,'1',622,,3559,,,0,14,,3547,,,0,70,,3538,,,0,25,,3548,,,0,28,,3549,,,0,62,,3529,,,0,25,,3545,,,0,67,,3546,,,0,23,,3531,,,0,65,,3557,,,0,25,,3534,,,0,25,,3562,,,0,65,,3564,,,0,25,,3566,,,0,65,,3540,,,0,25,,3554,,,0,25,,3560,,,0,65,,3530,,,0,25,,3561,,,0,65,,3565,,,0,25,,3563,,,0,69,,3544,,,0,21,,3558,,,0,25,,3550,,,0,62,,3541,,,0,28,,3567,,,0,65,,3556,,,0,23,,3568,,,0,30,,3543,,,0,67,,3542,,,0,17,,3551,,,0,68,,3537,,,0,25,,3555,,,0,82,,3536,,,0,33,,3535,,,0,85,,3539,,,0,70,,3553,,,0,39,,3552,,,0,70,,3533,,,0,39,,3532,,,0
1901,'2',731,,3571,,,0,100,,3577,,,0,100,,3580,,,0,100,,3573,,,0,100,,3576,,,0,100,,3581,,,0,100,,3579,,,0,100,,3572,,,0,100,,3570,,,0,100,,3569,,,0,100,,3574,,,0,100,,3578,,,0,100,,3582,,,0,100,,3575,,,0
1901,'3',831,,3591,,,0,100,,3586,,,0,100,,3587,,,0,100,,3589,,,0,100,,3593,,,0,100,,3585,,,0,100,,3583,,,0,100,,3592,,,0,100,,3588,,,0,100,,3590,,,0,100,,3594,,,0,100,,3584,,,0
1901,'4',622,,3625,,,0,14,,3613,,,0,70,,3604,,,0,25,,3614,,,0,28,,3615,,,0,62,,3595,,,0,25,,3611,,,0,67,,3612,,,0,23,,3597,,,0,65,,3623,,,0,25,,3600,,,0,25,,3628,,,0,65,,3630,,,0,25,,3632,,,0,65,,3606,,,0,25,,3620,,,0,25,,3626,,,0,65,,3596,,,0,25,,3627,,,0,65,,3631,,,0,25,,3629,,,0,69,,3610,,,0,21,,3624,,,0,25,,3616,,,0,62,,3607,,,0,28,,3633,,,0,65,,3622,,,0,23,,3634,,,0,30,,3609,,,0,67,,3608,,,0,17,,3617,,,0,68,,3603,,,0,25,,3621,,,0,82,,3602,,,0,33,,3601,,,0,85,,3605,,,0,70,,3619,,,0,39,,3618,,,0,70,,3599,,,0,39,,3598,,,0
1901,'5',622,,3673,,,0,14,,3648,,,0,70,,3641,,,0,25,,3669,,,0,11,,3665,,,0,17,,3636,,,0,62,,3646,,,0,25,,3668,,,0,67,,3637,,,0,23,,3643,,,0,65,,3658,,,0,25,,3645,,,0,25,,3635,,,0,65,,3653,,,0,25,,3656,,,0,65,,3675,,,0,25,,3666,,,0,25,,3661,,,0,65,,3670,,,0,25,,3671,,,0,65,,3660,,,0,25,,3664,,,0,69,,3672,,,0,21,,3655,,,0,25,,3652,,,0,62,,3657,,,0,28,,3639,,,0,65,,3663,,,0,23,,3640,,,0,30,,3662,,,0,67,,3674,,,0,17,,3638,,,0,68,,3644,,,0,25,,3642,,,0,82,,3654,,,0,33,,3659,,,0,85,,3649,,,0,70,,3650,,,0,39,,3647,,,0,70,,3667,,,0,39,,3651,,,0
7100,'5',1056,,4392,0,42 28 43,0,160,,4393,0,42 28 43,0
8001,'5',1501,,4400,0,21 20,0
