1400,'1_merged_3768024',657,,2714,,,0,100,,2709,,,0,100,,2717,,,0,100,,2703,,,0,100,,2699,,,0,100,,2702,,,0,100,,2713,,,0,100,,2701,,,0,100,,2725,,,0,100,,2718,,,0,100,,2706,,,0,100,,2721,,,0,100,,2698,,,0,100,,2705,,,0
1400,'2_merged_3768026',756,,2735,,,0,100,,2733,,,0,100,,2728,,,0,100,,2739,,,0,100,,2746,,,0,100,,2743,,,0,100,,2729,,,0,100,,2731,,,0,100,,2751,,,0,100,,2737,,,0,100,,2734,,,0,100,,2742,,,0,100,,2736,,,0
1400,'3_merged_3768025',856,,2765,,,0,100,,2771,,,0,100,,2758,,,0,100,,2769,,,0,100,,2770,,,0,100,,2761,,,0,100,,2764,,,0,100,,2766,,,0,100,,2772,,,0,100,,2752,,,0,100,,2760,,,0
1400,'4',657,,2790,,,0,100,,2785,,,0,100,,2793,,,0,100,,2779,,,0,100,,2775,,,0,100,,2778,,,0,100,,2789,,,0,100,,2777,,,0,100,,2801,,,0,100,,2794,,,0,100,,2782,,,0,100,,2797,,,0,100,,2774,,,0,100,,2781,,,0
1400,'5',645,,2814,,,0,70,,2831,,,0,30,,2806,,,0,70,,2827,,,0,30,,2823,,,0,85,,2836,,,0,97,,2826,,,0,100,,2820,,,0,100,,2809,,,0,100,,2821,,,0,100,,2803,,,0,105,,2828,,,0,106,,2815,,,0,70,,2825,,,0,30,,2817,,,0,70,,2833,,,0,30,,2830,,,0,64,,2832,,,0,55,,2811,,,0
1001400,'1_merged_3768024',622,,4521,0,23 24 20,0,105,,4544,0,23 24 20,0,100,,4545,0,23 24 20,0,100,,4512,0,23 24 20,0,100,,4532,0,23 24 20,0,100,,4534,0,23 24 20,0,100,,4525,0,23 24 20,0,100,,4538,0,23 24 20,0,100,,4522,0,23 24 20,0,100,,4533,0,23 24 20,0,100,,4519,0,23 24 20,0,100,,4535,0,23 24 20,0,100,,4514,0,23 24 20,0,100,,4542,0,23 24 20,0,100,,4513,0,23 24 20,0,100,,4520,0,23 24 20,0,100,,4524,0,23 24 20,0,100,,4537,0,23 24 20,0
1001400,'2_merged_3768026',726,,4550,0,23 24 20,0,100,,4553,0,23 24 20,0,100,,4549,0,23 24 20,0,100,,4575,0,23 24 20,0,100,,4561,0,23 24 20,0,100,,4546,0,23 24 20,0,100,,4572,0,23 24 20,0,100,,4563,0,23 24 20,0,100,,4578,0,23 24 20,0,100,,4557,0,23 24 20,0,100,,4566,0,23 24 20,0,100,,4559,0,23 24 20,0,100,,4570,0,23 24 20,0,100,,4554,0,23 24 20,0,100,,4548,0,23 24 20,0,100,,4569,0,23 24 20,0,130,,4547,0,25 3 26,0
1001400,'3_merged_3768025',826,,4588,0,23 24 20,0,100,,4597,0,23 24 20,0,100,,4595,0,23 24 20,0,100,,4596,0,23 24 20,0,100,,4586,0,23 24 20,0,100,,4582,0,23 24 20,0,100,,4600,0,23 24 20,0,100,,4601,0,23 24 20,0,100,,4594,0,23 24 20,0,100,,4585,0,23 24 20,0,100,,4580,0,23 24 20,0,100,,4591,0,23 24 20,0
1001400,'4',622,,4613,0,23 24 20,0,105,,4636,0,23 24 20,0,100,,4637,0,23 24 20,0,100,,4604,0,23 24 20,0,100,,4624,0,23 24 20,0,100,,4626,0,23 24 20,0,100,,4617,0,23 24 20,0,100,,4630,0,23 24 20,0,100,,4614,0,23 24 20,0,100,,4625,0,23 24 20,0,100,,4611,0,23 24 20,0,100,,4627,0,23 24 20,0,100,,4606,0,23 24 20,0,100,,4634,0,23 24 20,0,100,,4605,0,23 24 20,0,100,,4612,0,23 24 20,0,100,,4616,0,23 24 20,0,100,,4629,0,23 24 20,0
1001400,'5',625,,4650,0,23 24 20,0,75,,4681,0,23 24 20,0,30,,4672,0,23 24 20,0,70,,4648,0,23 24 20,0,30,,4655,0,23 24 20,0,70,,4661,0,23 24 20,0,100,,4678,0,23 24 20,0,57,,4673,0,23 24 20,0,100,,4674,0,23 24 20,0,100,,4640,0,23 24 20,0,100,,4662,0,23 24 20,0,100,,4638,0,23 24 20,0,145,,4639,0,23 24 20,0,51,,4647,0,23 24 20,0,70,,4680,0,23 24 20,0,30,,4653,0,23 24 20,0,70,,4642,0,23 24 20,0,30,,4641,0,23 24 20,0,74,,4658,0,23 24 20,0,100,,4670,0,23 24 20,0,100,,4649,0,23 24 20,0,100,,4645,0,23 24 20,0,129,,4679,0,25 3 26,0
