100,410,1,0
100,450,2,0
100,451,3,0
100,452,4,0
100,453,5,0
100,454,6,0
100,455,7,0
100,456,8,0
100,401,9,0
100,402,10,0
100,876,11,0
100,877,12,0
100,463,13,0
100,96,14,1
101,96,1,0
101,97,2,0
101,392,3,0
101,393,4,0
101,874,5,0
101,875,6,0
101,402,7,0
101,403,8,0
101,404,9,0
101,405,10,0
101,406,11,0
101,407,12,0
101,408,13,0
101,409,14,0
101,410,15,1
201,45,1,0
201,464,2,0
201,465,3,0
201,466,4,0
201,666,5,0
201,667,6,0
201,668,7,0
201,669,8,0
201,670,9,0
201,582,10,0
201,583,11,0
201,584,12,0
201,585,13,0
201,586,14,0
201,587,15,0
201,671,16,0
201,672,17,0
201,673,18,0
201,674,19,0
201,675,20,0
201,676,21,0
201,677,22,0
201,678,23,0
201,679,24,0
201,680,25,0
201,681,26,0
201,682,27,0
201,683,28,0
201,684,29,0
201,685,30,0
201,686,31,0
201,687,32,0
201,688,33,0
201,689,34,0
201,690,35,0
201,691,36,0
201,692,37,0
201,693,38,0
201,694,39,0
201,695,40,0
201,696,41,0
201,697,42,0
201,698,43,0
201,699,44,0
201,700,45,0
201,701,46,0
201,702,47,0
201,346,48,0
201,371,49,0
201,703,50,0
201,704,51,0
201,705,52,0
201,354,53,0
201,355,54,0
201,706,55,0
201,12,56,0
201,13,57,0
201,707,58,0
201,18,59,0
201,19,60,0
201,20,61,0
201,498,62,0
201,708,63,0
201,709,64,0
201,710,65,0
201,711,66,0
201,712,67,0
201,713,68,0
201,419,69,1
202,419,1,0
202,613,2,0
202,614,3,0
202,615,4,0
202,616,5,0
202,617,6,0
202,618,7,0
202,619,8,0
202,620,9,0
202,621,10,0
202,622,11,0
202,34,12,0
202,35,13,0
202,36,14,0
202,623,15,0
202,384,16,0
202,385,17,0
202,624,18,0
202,625,19,0
202,626,20,0
202,627,21,0
202,628,22,0
202,296,23,0
202,629,24,0
202,630,25,0
202,631,26,0
202,632,27,0
202,633,28,0
202,634,29,0
202,635,30,0
202,636,31,0
202,637,32,0
202,638,33,0
202,639,34,0
202,640,35,0
202,641,36,0
202,642,37,0
202,643,38,0
202,539,39,0
202,644,40,0
202,645,41,0
202,646,42,0
202,647,43,0
202,648,44,0
202,649,45,0
202,650,46,0
202,651,47,0
202,652,48,0
202,653,49,0
202,654,50,0
202,655,51,0
202,656,52,0
202,657,53,0
202,658,54,0
202,659,55,0
202,558,56,0
202,559,57,0
202,560,58,0
202,561,59,0
202,562,60,0
202,563,61,0
202,564,62,0
202,660,63,0
202,661,64,0
202,662,65,0
202,663,66,0
202,664,67,0
202,665,68,0
202,529,69,0
202,530,70,0
202,531,71,0
202,532,72,0
202,45,73,1
300,779,1,0
300,796,2,0
300,797,3,0
300,798,4,0
300,799,5,0
300,800,6,0
300,801,7,0
300,802,8,0
300,803,9,0
300,804,10,0
300,805,11,0
300,90,12,0
300,91,13,0
300,92,14,0
300,93,15,0
300,94,16,0
300,95,17,0
300,45,18,0
300,46,19,0
300,231,20,0
300,232,21,0
300,233,22,0
300,234,23,0
300,235,24,1
301,235,1,0
301,236,2,0
301,291,3,0
301,292,4,0
301,293,5,0
301,294,6,0
301,95,7,0
301,45,8,0
301,46,9,0
301,47,10,0
301,48,11,0
301,49,12,0
301,50,13,0
301,200,14,0
301,806,15,0
301,807,16,0
301,808,17,0
301,809,18,0
301,810,19,0
301,811,20,0
301,812,21,0
301,813,22,0
301,779,23,1
401,45,1,0
401,46,2,0
401,231,3,0
401,319,4,0
401,320,5,0
401,321,6,0
401,322,7,0
401,323,8,0
401,324,9,0
401,325,10,0
401,326,11,0
401,327,12,0
401,328,13,0
401,329,14,0
401,330,15,0
401,331,16,0
401,332,17,0
401,228,18,0
401,229,19,0
401,230,20,0
401,96,21,0
401,333,22,0
401,334,23,0
401,335,24,0
401,336,25,0
401,337,26,0
401,338,27,0
401,339,28,0
401,340,29,0
401,341,30,0
401,342,31,0
401,343,32,0
401,344,33,0
401,345,34,0
401,346,35,0
401,347,36,0
401,348,37,0
401,40,38,0
401,41,39,0
401,42,40,0
401,43,41,0
401,44,42,0
401,1,43,1
402,1,1,0
402,2,2,0
402,3,3,0
402,4,4,0
402,5,5,0
402,6,6,0
402,7,7,0
402,295,8,0
402,296,9,0
402,297,10,0
402,298,11,0
402,299,12,0
402,300,13,0
402,301,14,0
402,302,15,0
402,303,16,0
402,304,17,0
402,305,18,0
402,306,19,0
402,307,20,0
402,308,21,0
402,96,22,0
402,174,23,0
402,175,24,0
402,176,25,0
402,177,26,0
402,178,27,0
402,179,28,0
402,309,29,0
402,310,30,0
402,311,31,0
402,312,32,0
402,313,33,0
402,314,34,0
402,315,35,0
402,316,36,0
402,317,37,0
402,318,38,0
402,95,39,0
402,45,40,1
500,768,1,0
500,769,2,0
500,770,3,0
500,771,4,0
500,772,5,0
500,773,6,0
500,774,7,0
500,775,8,0
500,776,9,0
500,777,10,0
500,778,11,0
500,779,12,0
500,780,13,0
500,781,14,0
500,782,15,0
500,783,16,0
500,784,17,0
500,785,18,0
500,410,19,1
501,410,1,0
501,411,2,0
501,786,3,0
501,787,4,0
501,788,5,0
501,789,6,0
501,790,7,0
501,791,8,0
501,792,9,0
501,793,10,0
501,794,11,0
501,795,12,0
501,768,13,1
601,45,1,0
601,464,2,0
601,465,3,0
601,466,4,0
601,467,5,0
601,468,6,0
601,469,7,0
601,470,8,0
601,471,9,0
601,472,10,0
601,473,11,0
601,474,12,0
601,475,13,0
601,476,14,0
601,477,15,0
601,478,16,0
601,479,17,0
601,480,18,0
601,481,19,0
601,482,20,0
601,483,21,0
601,484,22,0
601,485,23,0
601,486,24,0
601,487,25,0
601,488,26,0
601,489,27,0
601,490,28,0
601,491,29,0
601,492,30,0
601,493,31,0
601,494,32,0
601,495,33,0
601,496,34,0
601,497,35,0
601,498,36,0
601,24,37,0
601,25,38,0
601,26,39,0
601,27,40,0
601,28,41,0
601,29,42,0
601,499,43,0
601,418,44,0
601,419,45,1
602,419,1,0
602,32,2,0
602,15,3,0
602,16,4,0
602,17,5,0
602,18,6,0
602,19,7,0
602,20,8,0
602,21,9,0
602,22,10,0
602,23,11,0
602,500,12,0
602,501,13,0
602,502,14,0
602,503,15,0
602,504,16,0
602,505,17,0
602,506,18,0
602,507,19,0
602,508,20,0
602,509,21,0
602,510,22,0
602,511,23,0
602,512,24,0
602,513,25,0
602,514,26,0
602,515,27,0
602,516,28,0
602,517,29,0
602,518,30,0
602,519,31,0
602,520,32,0
602,521,33,0
602,522,34,0
602,523,35,0
602,524,36,0
602,525,37,0
602,526,38,0
602,527,39,0
602,528,40,0
602,529,41,0
602,530,42,0
602,531,43,0
602,532,44,0
602,45,45,1
1000,45,1,0
1000,46,2,0
1000,1069,3,0
1000,1070,4,0
1000,1071,5,0
1000,1072,6,0
1000,1073,7,0
1000,1074,8,0
1000,1075,9,0
1000,1076,10,0
1000,1077,11,0
1000,1078,12,0
1000,1079,13,0
1000,1080,14,0
1000,1081,15,0
1000,1082,16,0
1000,1083,17,0
1000,226,18,0
1000,227,19,0
1000,228,20,0
1000,229,21,0
1000,230,22,0
1000,96,23,0
1000,174,24,0
1000,175,25,0
1000,176,26,0
1000,814,27,0
1000,1052,28,0
1000,1084,29,0
1000,1085,30,0
1000,1086,31,0
1000,1087,32,0
1000,1088,33,0
1000,1089,34,0
1000,1090,35,0
1000,1091,36,0
1000,1092,37,0
1000,1093,38,0
1000,1094,39,0
1000,1095,40,0
1000,1096,41,0
1000,231,42,0
1000,1097,43,0
1000,1098,44,0
1000,1099,45,0
1000,1100,46,0
1000,1101,47,0
1000,1102,48,0
1000,1103,49,0
1000,529,50,0
1000,530,51,0
1000,531,52,0
1000,532,53,1
1001,45,1,0
1001,464,2,0
1001,465,3,0
1001,466,4,0
1001,1109,5,0
1001,1110,6,0
1001,1111,7,0
1001,1112,8,0
1001,1113,9,0
1001,1114,10,0
1001,1115,11,0
1001,1116,12,0
1001,1117,13,0
1001,1118,14,0
1001,1119,15,0
1001,1120,16,0
1001,1121,17,0
1001,1122,18,0
1001,1075,19,0
1001,1076,20,0
1001,1077,21,0
1001,1078,22,0
1001,1079,23,0
1001,1080,24,0
1001,1081,25,0
1001,1082,26,0
1001,1083,27,0
1001,226,28,0
1001,227,29,0
1001,228,30,0
1001,229,31,0
1001,230,32,0
1001,96,33,0
1001,174,34,0
1001,175,35,0
1001,176,36,0
1001,814,37,0
1001,1052,38,0
1001,1084,39,0
1001,1085,40,0
1001,1086,41,0
1001,1087,42,0
1001,1088,43,0
1001,1089,44,0
1001,1090,45,0
1001,1104,46,0
1001,1105,47,0
1001,1106,48,0
1001,1107,49,0
1001,1108,50,0
1001,94,51,0
1001,95,52,1
1100,370,1,0
1100,898,2,0
1100,899,3,0
1100,1022,4,0
1100,1023,5,0
1100,883,6,0
1100,884,7,0
1100,885,8,0
1100,886,9,0
1100,887,10,0
1100,888,11,0
1100,889,12,0
1100,890,13,0
1100,891,14,0
1100,633,15,0
1100,634,16,0
1100,1024,17,0
1100,1025,18,0
1100,1026,19,0
1100,1027,20,0
1100,1028,21,0
1100,1029,22,0
1100,1030,23,0
1100,1031,24,0
1100,1032,25,0
1100,1033,26,0
1100,1034,27,0
1100,1035,28,0
1100,1036,29,0
1100,1037,30,0
1100,611,31,0
1100,612,32,0
1100,96,33,1
1101,96,1,0
1101,333,2,0
1101,533,3,0
1101,1008,4,0
1101,1009,5,0
1101,1010,6,0
1101,1011,7,0
1101,1012,8,0
1101,1013,9,0
1101,1014,10,0
1101,1015,11,0
1101,1016,12,0
1101,1017,13,0
1101,1018,14,0
1101,1019,15,0
1101,1020,16,0
1101,1021,17,0
1101,1022,18,0
1101,1023,19,0
1101,883,20,0
1101,884,21,0
1101,885,22,0
1101,886,23,0
1101,887,24,0
1101,888,25,0
1101,889,26,0
1101,890,27,0
1101,891,28,0
1101,633,29,0
1101,634,30,0
1101,1024,31,0
1101,1025,32,0
1101,897,33,0
1101,370,34,1
1300,45,1,0
1300,464,2,0
1300,465,3,0
1300,466,4,0
1300,467,5,0
1300,468,6,0
1300,469,7,0
1300,470,8,0
1300,980,9,0
1300,981,10,0
1300,982,11,0
1300,983,12,0
1300,984,13,0
1300,985,14,0
1300,986,15,0
1300,987,16,0
1300,988,17,0
1300,989,18,0
1300,990,19,0
1300,991,20,0
1300,992,21,0
1300,993,22,0
1300,994,23,0
1300,995,24,0
1300,480,25,0
1300,481,26,0
1300,996,27,0
1300,997,28,0
1300,998,29,0
1300,999,30,0
1300,1000,31,0
1300,1001,32,0
1300,1002,33,0
1300,1003,34,0
1300,1004,35,0
1300,1005,36,0
1300,1006,37,0
1300,956,38,0
1300,1007,39,0
1300,96,40,1
1301,96,1,0
1301,97,2,0
1301,955,3,0
1301,956,4,0
1301,957,5,0
1301,958,6,0
1301,959,7,0
1301,960,8,0
1301,961,9,0
1301,962,10,0
1301,963,11,0
1301,964,12,0
1301,965,13,0
1301,966,14,0
1301,967,15,0
1301,515,16,0
1301,516,17,0
1301,968,18,0
1301,969,19,0
1301,970,20,0
1301,971,21,0
1301,972,22,0
1301,73,23,0
1301,74,24,0
1301,75,25,0
1301,76,26,0
1301,973,27,0
1301,974,28,0
1301,975,29,0
1301,976,30,0
1301,977,31,0
1301,978,32,0
1301,979,33,0
1301,525,34,0
1301,526,35,0
1301,527,36,0
1301,528,37,0
1301,530,38,0
1301,531,39,0
1301,532,40,0
1301,45,41,1
1400,269,1,0
1400,270,2,0
1400,271,3,0
1400,272,4,0
1400,273,5,0
1400,274,6,0
1400,275,7,0
1400,574,8,0
1400,575,9,0
1400,576,10,0
1400,577,11,0
1400,578,12,0
1400,579,13,0
1400,580,14,0
1400,581,15,0
1400,582,16,0
1400,583,17,0
1400,584,18,0
1400,585,19,0
1400,586,20,0
1400,587,21,0
1400,588,22,0
1400,589,23,0
1400,590,24,0
1400,591,25,0
1400,235,26,0
1400,592,27,0
1400,593,28,0
1400,594,29,0
1400,595,30,0
1400,596,31,0
1400,597,32,0
1400,598,33,0
1400,599,34,0
1400,600,35,0
1400,601,36,0
1400,602,37,0
1400,603,38,0
1400,604,39,0
1400,605,40,0
1400,606,41,0
1400,607,42,0
1400,608,43,0
1400,609,44,0
1400,610,45,0
1400,611,46,0
1400,612,47,0
1400,96,48,1
1401,96,1,0
1401,333,2,0
1401,533,3,0
1401,534,4,0
1401,535,5,0
1401,536,6,0
1401,537,7,0
1401,538,8,0
1401,539,9,0
1401,540,10,0
1401,541,11,0
1401,542,12,0
1401,543,13,0
1401,544,14,0
1401,545,15,0
1401,546,16,0
1401,547,17,0
1401,548,18,0
1401,549,19,0
1401,550,20,0
1401,551,21,0
1401,552,22,0
1401,553,23,0
1401,554,24,0
1401,235,25,0
1401,555,26,0
1401,556,27,0
1401,557,28,0
1401,558,29,0
1401,559,30,0
1401,560,31,0
1401,561,32,0
1401,562,33,0
1401,563,34,0
1401,564,35,0
1401,565,36,0
1401,566,37,0
1401,567,38,0
1401,568,39,0
1401,569,40,0
1401,570,41,0
1401,571,42,0
1401,572,43,0
1401,251,44,0
1401,252,45,0
1401,253,46,0
1401,254,47,0
1401,255,48,0
1401,256,49,0
1401,257,50,0
1401,258,51,0
1401,573,52,0
1401,268,53,0
1401,269,54,1
1500,235,1,0
1500,236,2,0
1500,237,3,0
1500,238,4,0
1500,239,5,0
1500,240,6,0
1500,241,7,0
1500,242,8,0
1500,846,9,0
1500,847,10,0
1500,848,11,0
1500,849,12,0
1500,850,13,0
1500,851,14,0
1500,852,15,0
1500,853,16,0
1500,854,17,0
1500,855,18,0
1500,856,19,0
1500,857,20,0
1500,858,21,0
1500,859,22,0
1500,860,23,0
1500,861,24,0
1500,862,25,0
1500,863,26,0
1500,864,27,0
1500,865,28,0
1500,866,29,0
1500,867,30,0
1500,868,31,0
1500,869,32,0
1500,870,33,0
1500,871,34,0
1500,872,35,0
1500,873,36,0
1500,228,37,0
1500,229,38,0
1500,230,39,0
1500,96,40,1
1501,96,1,0
1501,174,2,0
1501,175,3,0
1501,176,4,0
1501,814,5,0
1501,815,6,0
1501,816,7,0
1501,817,8,0
1501,818,9,0
1501,819,10,0
1501,820,11,0
1501,821,12,0
1501,822,13,0
1501,823,14,0
1501,824,15,0
1501,825,16,0
1501,826,17,0
1501,827,18,0
1501,828,19,0
1501,829,20,0
1501,830,21,0
1501,831,22,0
1501,832,23,0
1501,833,24,0
1501,834,25,0
1501,835,26,0
1501,836,27,0
1501,837,28,0
1501,838,29,0
1501,839,30,0
1501,840,31,0
1501,841,32,0
1501,842,33,0
1501,843,34,0
1501,844,35,0
1501,845,36,0
1501,284,37,0
1501,285,38,0
1501,286,39,0
1501,287,40,0
1501,288,41,0
1501,289,42,0
1501,290,43,0
1501,235,44,1
1700,96,1,0
1700,174,2,0
1700,175,3,0
1700,176,4,0
1700,714,5,0
1700,715,6,0
1700,716,7,0
1700,717,8,0
1700,718,9,0
1700,719,10,0
1700,720,11,0
1700,604,12,0
1700,605,13,0
1700,721,14,0
1700,541,15,0
1700,722,16,0
1700,723,17,0
1700,724,18,0
1700,725,19,0
1700,726,20,0
1700,727,21,0
1700,728,22,0
1700,729,23,0
1700,228,24,0
1700,229,25,0
1700,230,26,1
1800,196,1,0
1800,197,2,0
1800,198,3,0
1800,199,4,0
1800,49,5,0
1800,50,6,0
1800,200,7,0
1800,201,8,0
1800,202,9,0
1800,203,10,0
1800,204,11,0
1800,205,12,0
1800,206,13,0
1800,207,14,0
1800,208,15,0
1800,209,16,0
1800,210,17,0
1800,211,18,0
1800,212,19,0
1800,213,20,0
1800,214,21,0
1800,215,22,0
1800,216,23,0
1800,217,24,0
1800,218,25,0
1800,219,26,0
1800,220,27,0
1800,221,28,0
1800,222,29,0
1800,223,30,0
1800,224,31,0
1800,225,32,0
1800,226,33,0
1800,227,34,0
1800,228,35,0
1800,229,36,0
1800,230,37,0
1800,96,38,1
1801,96,1,0
1801,174,2,0
1801,175,3,0
1801,176,4,0
1801,177,5,0
1801,178,6,0
1801,179,7,0
1801,180,8,0
1801,181,9,0
1801,182,10,0
1801,183,11,0
1801,184,12,0
1801,185,13,0
1801,186,14,0
1801,187,15,0
1801,188,16,0
1801,189,17,0
1801,190,18,0
1801,191,19,0
1801,192,20,0
1801,193,21,0
1801,194,22,0
1801,195,23,0
1801,196,24,0
1801,197,25,0
1801,198,26,0
1801,199,27,0
1801,49,28,0
1801,50,29,0
1801,200,30,0
1801,201,31,1
1900,410,1,0
1900,450,2,0
1900,451,3,0
1900,452,4,0
1900,453,5,0
1900,124,6,0
1900,125,7,0
1900,126,8,0
1900,127,9,0
1900,128,10,0
1900,129,11,0
1900,130,12,0
1900,131,13,0
1900,132,14,0
1900,133,15,0
1900,134,16,0
1900,135,17,0
1900,136,18,0
1900,938,19,0
1900,939,20,0
1900,940,21,0
1900,139,22,0
1900,140,23,0
1900,941,24,0
1900,942,25,0
1900,943,26,0
1900,143,27,0
1900,144,28,0
1900,145,29,0
1900,944,30,0
1900,945,31,0
1900,946,32,0
1900,947,33,0
1900,948,34,0
1900,949,35,0
1900,950,36,0
1900,951,37,0
1900,952,38,0
1900,953,39,0
1900,954,40,0
1900,463,41,0
1900,96,42,1
1901,96,1,0
1901,97,2,0
1901,392,3,0
1901,920,4,0
1901,921,5,0
1901,922,6,0
1901,924,7,0
1901,925,8,0
1901,926,9,0
1901,927,10,0
1901,928,11,0
1901,929,12,0
1901,930,13,0
1901,931,14,0
1901,151,15,0
1901,152,16,0
1901,932,17,0
1901,933,18,0
1901,934,19,0
1901,156,20,0
1901,157,21,0
1901,935,22,0
1901,936,23,0
1901,937,24,0
1901,160,25,0
1901,161,26,0
1901,162,27,0
1901,163,28,0
1901,164,29,0
1901,165,30,0
1901,166,31,0
1901,167,32,0
1901,168,33,0
1901,169,34,0
1901,170,35,0
1901,171,36,0
1901,172,37,0
1901,173,38,0
1901,407,39,0
1901,408,40,0
1901,409,41,0
1901,410,42,1
2000,410,1,0
2000,450,2,0
2000,451,3,0
2000,748,4,0
2000,749,5,0
2000,750,6,0
2000,412,7,0
2000,751,8,0
2000,752,9,0
2000,753,10,0
2000,754,11,0
2000,755,12,0
2000,756,13,0
2000,757,14,0
2000,758,15,0
2000,759,16,0
2000,760,17,0
2000,761,18,0
2000,762,19,0
2000,763,20,0
2000,764,21,0
2000,765,22,0
2000,766,23,0
2000,767,24,0
2000,120,25,0
2000,121,26,0
2000,122,27,0
2000,123,28,0
2000,96,29,1
2001,96,1,0
2001,97,2,0
2001,98,3,0
2001,99,4,0
2001,100,5,0
2001,101,6,0
2001,730,7,0
2001,731,8,0
2001,732,9,0
2001,733,10,0
2001,734,11,0
2001,735,12,0
2001,736,13,0
2001,737,14,0
2001,738,15,0
2001,739,16,0
2001,740,17,0
2001,741,18,0
2001,742,19,0
2001,743,20,0
2001,744,21,0
2001,745,22,0
2001,746,23,0
2001,747,24,0
2001,408,25,0
2001,409,26,0
2001,410,27,1
2100,1,1,0
2100,2,2,0
2100,3,3,0
2100,4,4,0
2100,5,5,0
2100,6,6,0
2100,7,7,0
2100,349,8,0
2100,350,9,0
2100,351,10,0
2100,352,11,0
2100,353,12,0
2100,354,13,0
2100,355,14,0
2100,356,15,0
2100,357,16,0
2100,358,17,0
2100,359,18,0
2100,360,19,0
2100,361,20,0
2100,362,21,0
2100,363,22,0
2100,364,23,0
2100,365,24,0
2100,366,25,0
2100,367,26,0
2100,368,27,0
2100,369,28,0
2100,296,29,0
2100,297,30,0
2100,298,31,0
2100,370,32,1
2101,370,1,0
2101,344,2,0
2101,345,3,0
2101,346,4,0
2101,371,5,0
2101,372,6,0
2101,373,7,0
2101,374,8,0
2101,375,9,0
2101,376,10,0
2101,377,11,0
2101,378,12,0
2101,379,13,0
2101,380,14,0
2101,381,15,0
2101,382,16,0
2101,383,17,0
2101,384,18,0
2101,385,19,0
2101,386,20,0
2101,387,21,0
2101,388,22,0
2101,389,23,0
2101,390,24,0
2101,391,25,0
2101,40,26,0
2101,41,27,0
2101,42,28,0
2101,43,29,0
2101,44,30,0
2101,1,31,1
2200,62,1,0
2200,63,2,0
2200,64,3,0
2200,65,4,0
2200,66,5,0
2200,67,6,0
2200,68,7,0
2200,69,8,0
2200,70,9,0
2200,71,10,0
2200,72,11,0
2200,73,12,0
2200,74,13,0
2200,75,14,0
2200,76,15,0
2200,77,16,0
2200,78,17,0
2200,79,18,0
2200,80,19,0
2200,81,20,0
2200,82,21,0
2200,83,22,0
2200,84,23,0
2200,85,24,0
2200,86,25,0
2200,87,26,0
2200,88,27,0
2200,89,28,0
2200,90,29,0
2200,91,30,0
2200,92,31,0
2200,93,32,0
2200,94,33,0
2200,95,34,0
2200,45,35,1
2201,45,1,0
2201,46,2,0
2201,47,3,0
2201,48,4,0
2201,49,5,0
2201,50,6,0
2201,51,7,0
2201,52,8,0
2201,53,9,0
2201,54,10,0
2201,55,11,0
2201,56,12,0
2201,57,13,0
2201,58,14,0
2201,59,15,0
2201,60,16,0
2201,61,17,0
2201,62,18,0
2201,63,19,0
2201,64,20,0
2201,65,21,0
2201,66,22,0
2201,67,23,0
2201,68,24,0
2201,69,25,0
2201,70,26,1
2400,430,1,0
2400,431,2,0
2400,432,3,0
2400,433,4,0
2400,434,5,0
2400,435,6,0
2400,436,7,0
2400,437,8,0
2400,438,9,0
2400,439,10,0
2400,440,11,0
2400,441,12,0
2400,442,13,0
2400,443,14,0
2400,444,15,0
2400,445,16,0
2400,446,17,0
2400,447,18,0
2400,448,19,0
2400,449,20,0
2400,410,21,0
2400,450,22,0
2400,451,23,0
2400,452,24,0
2400,453,25,0
2400,454,26,0
2400,455,27,0
2400,456,28,0
2400,401,29,0
2400,402,30,0
2400,403,31,0
2400,457,32,0
2400,458,33,0
2400,459,34,0
2400,460,35,0
2400,461,36,0
2400,462,37,0
2400,463,38,0
2400,96,39,1
2401,96,1,0
2401,97,2,0
2401,392,3,0
2401,393,4,0
2401,394,5,0
2401,395,6,0
2401,396,7,0
2401,397,8,0
2401,398,9,0
2401,399,10,0
2401,400,11,0
2401,401,12,0
2401,402,13,0
2401,403,14,0
2401,404,15,0
2401,405,16,0
2401,406,17,0
2401,407,18,0
2401,408,19,0
2401,409,20,0
2401,410,21,0
2401,411,22,0
2401,412,23,0
2401,413,24,0
2401,414,25,0
2401,415,26,0
2401,416,27,0
2401,417,28,0
2401,418,29,0
2401,419,30,0
2401,420,31,0
2401,421,32,0
2401,422,33,0
2401,423,34,0
2401,424,35,0
2401,425,36,0
2401,426,37,0
2401,427,38,0
2401,428,39,0
2401,429,40,0
2401,430,41,1
2500,1,1,0
2500,2,2,0
2500,3,3,0
2500,4,4,0
2500,5,5,0
2500,6,6,0
2500,7,7,0
2500,295,8,0
2500,296,9,0
2500,297,10,0
2500,298,11,0
2500,370,12,0
2500,898,13,0
2500,899,14,0
2500,900,15,0
2500,901,16,0
2500,902,17,0
2500,903,18,0
2500,904,19,0
2500,905,20,0
2500,906,21,0
2500,907,22,0
2500,908,23,0
2500,909,24,0
2500,910,25,0
2500,911,26,0
2500,912,27,0
2500,913,28,0
2500,914,29,0
2500,915,30,0
2500,916,31,0
2500,917,32,0
2500,918,33,0
2500,919,34,0
2500,346,35,0
2500,347,36,0
2500,348,37,0
2500,40,38,0
2500,41,39,0
2500,42,40,0
2500,43,41,0
2500,44,42,1
2501,1,1,0
2501,2,2,0
2501,3,3,0
2501,4,4,0
2501,5,5,0
2501,6,6,0
2501,7,7,0
2501,295,8,0
2501,296,9,0
2501,878,10,0
2501,879,11,0
2501,880,12,0
2501,881,13,0
2501,882,14,0
2501,883,15,0
2501,884,16,0
2501,885,17,0
2501,886,18,0
2501,887,19,0
2501,888,20,0
2501,889,21,0
2501,890,22,0
2501,891,23,0
2501,633,24,0
2501,892,25,0
2501,893,26,0
2501,894,27,0
2501,895,28,0
2501,896,29,0
2501,897,30,0
2501,370,31,0
2501,344,32,0
2501,345,33,0
2501,346,34,0
2501,347,35,0
2501,348,36,0
2501,40,37,0
2501,41,38,0
2501,42,39,0
2501,43,40,0
2501,44,41,1
2600,96,1,0
2600,97,2,0
2600,98,3,0
2600,99,4,0
2600,100,5,0
2600,101,6,0
2600,102,7,0
2600,103,8,0
2600,104,9,0
2600,105,10,0
2600,106,11,0
2600,107,12,0
2600,108,13,0
2600,109,14,0
2600,110,15,0
2600,111,16,0
2600,112,17,0
2600,113,18,0
2600,114,19,0
2600,115,20,0
2600,116,21,0
2600,117,22,0
2600,118,23,0
2600,119,24,0
2600,120,25,0
2600,121,26,0
2600,122,27,0
2600,123,28,1
2800,1038,1,0
2800,51,2,0
2800,52,3,0
2800,1039,4,0
2800,81,5,0
2800,82,6,0
2800,83,7,0
2800,84,8,0
2800,85,9,0
2800,86,10,0
2800,87,11,0
2800,88,12,0
2800,89,13,0
2800,90,14,0
2800,91,15,0
2800,1040,16,0
2800,1041,17,0
2800,1042,18,0
2800,1043,19,0
2800,1044,20,0
2800,1045,21,0
2800,1046,22,0
2800,1047,23,0
2800,1048,24,0
2800,1049,25,0
2800,1050,26,0
2800,219,27,0
2800,220,28,0
2800,221,29,0
2800,222,30,0
2800,223,31,0
2800,1051,32,0
2800,330,33,0
2800,331,34,0
2800,332,35,0
2800,228,36,0
2800,229,37,0
2800,230,38,0
2800,96,39,1
2801,96,1,0
2801,174,2,0
2801,175,3,0
2801,176,4,0
2801,814,5,0
2801,1052,6,0
2801,1053,7,0
2801,1054,8,0
2801,181,9,0
2801,182,10,0
2801,183,11,0
2801,184,12,0
2801,185,13,0
2801,186,14,0
2801,1055,15,0
2801,1056,16,0
2801,1057,17,0
2801,1058,18,0
2801,1059,19,0
2801,1060,20,0
2801,1061,21,0
2801,1062,22,0
2801,1063,23,0
2801,1064,24,0
2801,1065,25,0
2801,1066,26,0
2801,1067,27,0
2801,1068,28,0
2801,1038,29,1
3200,264,1,0
3200,265,2,0
3200,266,3,0
3200,267,4,0
3200,268,5,0
3200,269,6,0
3200,270,7,0
3200,271,8,0
3200,272,9,0
3200,273,10,0
3200,274,11,0
3200,275,12,0
3200,276,13,0
3200,277,14,0
3200,278,15,0
3200,279,16,0
3200,280,17,0
3200,281,18,0
3200,282,19,0
3200,283,20,0
3200,284,21,0
3200,285,22,0
3200,286,23,0
3200,287,24,0
3200,288,25,0
3200,289,26,0
3200,290,27,0
3200,235,28,0
3200,236,29,0
3200,291,30,0
3200,292,31,0
3200,293,32,0
3200,294,33,0
3200,95,34,0
3200,45,35,1
3201,45,1,0
3201,46,2,0
3201,231,3,0
3201,232,4,0
3201,233,5,0
3201,234,6,0
3201,235,7,0
3201,236,8,0
3201,237,9,0
3201,238,10,0
3201,239,11,0
3201,240,12,0
3201,241,13,0
3201,242,14,0
3201,243,15,0
3201,244,16,0
3201,245,17,0
3201,246,18,0
3201,247,19,0
3201,248,20,0
3201,249,21,0
3201,250,22,0
3201,251,23,0
3201,252,24,0
3201,253,25,0
3201,254,26,0
3201,255,27,0
3201,256,28,0
3201,257,29,0
3201,258,30,0
3201,259,31,0
3201,260,32,0
3201,261,33,0
3201,262,34,0
3201,263,35,0
3201,264,36,1
3300,45,1,0
3300,464,2,0
3300,465,3,0
3300,466,4,0
3300,467,5,0
3300,468,6,0
3300,469,7,0
3300,1123,8,0
3300,1124,9,0
3300,1125,10,0
3300,1126,11,0
3300,1127,12,0
3300,1128,13,0
3300,1129,14,0
3300,1130,15,0
3300,1131,16,0
3300,777,17,0
3300,1132,18,0
3300,1133,19,0
3300,1134,20,0
3300,1135,21,0
3300,1136,22,0
3300,1137,23,0
3300,1138,24,0
3300,1139,25,0
3300,525,26,0
3300,526,27,0
3300,527,28,0
3300,528,29,0
3300,530,30,0
3300,531,31,0
3300,532,32,1
10200,1,1,0
10200,2,2,0
10200,3,3,0
10200,4,4,0
10200,5,5,0
10200,6,6,0
10200,7,7,0
10200,8,8,0
10200,9,9,0
10200,10,10,0
10200,11,11,0
10200,12,12,0
10200,13,13,0
10200,14,14,0
10200,15,15,0
10200,16,16,0
10200,17,17,0
10200,18,18,0
10200,19,19,0
10200,20,20,0
10200,21,21,0
10200,22,22,0
10200,23,23,0
10200,24,24,0
10200,25,25,0
10200,26,26,0
10200,27,27,0
10200,28,28,0
10200,29,29,0
10200,30,30,0
10200,31,31,0
10200,32,32,0
10200,33,33,0
10200,34,34,0
10200,35,35,0
10200,36,36,0
10200,37,37,0
10200,38,38,0
10200,39,39,0
10200,40,40,0
10200,41,41,0
10200,42,42,0
10200,43,43,0
10200,44,44,1
12000,96,1,0
12000,97,2,0
12000,98,3,0
12000,1140,4,0
12000,1141,5,0
12000,1142,6,0
12000,1143,7,0
12000,1144,8,0
12000,1145,9,0
12000,1146,10,0
12000,1147,11,0
12000,1148,12,0
12000,1149,13,0
12000,494,14,0
12000,495,15,0
12000,496,16,0
12000,497,17,0
12000,498,18,0
12000,1150,19,0
12000,500,20,0
12000,1151,21,0
12000,1152,22,0
12000,1153,23,0
12000,1154,24,0
12000,1155,25,0
12000,1156,26,0
12000,1157,27,0
12000,1158,28,0
12000,1159,29,0
12000,1160,30,0
12000,123,31,1
19000,124,1,0
19000,125,2,0
19000,126,3,0
19000,127,4,0
19000,128,5,0
19000,129,6,0
19000,130,7,0
19000,131,8,0
19000,132,9,0
19000,133,10,0
19000,134,11,0
19000,135,12,0
19000,136,13,0
19000,137,14,0
19000,138,15,0
19000,139,16,0
19000,140,17,0
19000,141,18,0
19000,142,19,0
19000,143,20,0
19000,144,21,0
19000,145,22,0
19000,146,23,0
19000,147,24,0
19000,96,25,1
19001,96,1,0
19001,148,2,0
19001,149,3,0
19001,150,4,0
19001,151,5,0
19001,152,6,0
19001,153,7,0
19001,154,8,0
19001,155,9,0
19001,156,10,0
19001,157,11,0
19001,158,12,0
19001,159,13,0
19001,160,14,0
19001,161,15,0
19001,162,16,0
19001,163,17,0
19001,164,18,0
19001,165,19,0
19001,166,20,0
19001,167,21,0
19001,168,22,0
19001,169,23,0
19001,170,24,0
19001,171,25,0
19001,172,26,0
19001,173,27,1
